% Spectrum for month 1, day 11.
%
% The first column contains the channel number (0-8191)
% and the second contains the number of counts in that channel.
%
% E1 = 1.7238 MeV
% E3 = 3.7010 MeV
% E4 = 3.8405 MeV
%
0	0
1	0
2	0
3	0
4	0
5	0
6	0
7	0
8	0
9	0
10	0
11	0
12	479
13	503
14	497
15	486
16	473
17	505
18	517
19	472
20	522
21	512
22	512
23	478
24	522
25	542
26	494
27	470
28	513
29	530
30	500
31	491
32	517
33	494
34	532
35	480
36	485
37	510
38	497
39	528
40	540
41	543
42	541
43	525
44	523
45	536
46	545
47	537
48	511
49	525
50	544
51	532
52	543
53	569
54	538
55	517
56	527
57	502
58	564
59	545
60	554
61	576
62	571
63	563
64	562
65	548
66	515
67	560
68	596
69	566
70	536
71	547
72	536
73	600
74	573
75	586
76	590
77	562
78	536
79	572
80	561
81	553
82	577
83	593
84	598
85	601
86	535
87	598
88	576
89	603
90	603
91	572
92	603
93	611
94	578
95	589
96	568
97	581
98	625
99	622
100	591
101	659
102	632
103	616
104	607
105	645
106	617
107	574
108	603
109	662
110	601
111	662
112	620
113	611
114	641
115	618
116	616
117	625
118	601
119	676
120	616
121	616
122	628
123	726
124	658
125	629
126	662
127	670
128	619
129	666
130	628
131	617
132	644
133	672
134	668
135	633
136	725
137	667
138	666
139	659
140	716
141	671
142	663
143	692
144	669
145	654
146	722
147	659
148	676
149	611
150	662
151	657
152	708
153	692
154	692
155	648
156	647
157	727
158	680
159	657
160	729
161	638
162	649
163	653
164	727
165	709
166	744
167	723
168	718
169	718
170	701
171	721
172	747
173	691
174	755
175	706
176	688
177	729
178	784
179	732
180	715
181	706
182	721
183	727
184	693
185	702
186	720
187	758
188	752
189	729
190	754
191	714
192	745
193	759
194	749
195	769
196	768
197	745
198	728
199	764
200	725
201	748
202	761
203	769
204	729
205	759
206	782
207	751
208	768
209	761
210	777
211	778
212	792
213	798
214	753
215	759
216	744
217	788
218	778
219	779
220	762
221	778
222	790
223	746
224	771
225	780
226	771
227	782
228	810
229	780
230	736
231	802
232	766
233	828
234	857
235	762
236	849
237	800
238	870
239	819
240	800
241	768
242	824
243	805
244	814
245	797
246	807
247	802
248	793
249	824
250	830
251	790
252	800
253	849
254	812
255	825
256	809
257	891
258	811
259	853
260	833
261	850
262	771
263	822
264	898
265	831
266	841
267	835
268	833
269	858
270	869
271	821
272	816
273	869
274	814
275	854
276	866
277	858
278	814
279	894
280	882
281	845
282	863
283	821
284	813
285	852
286	845
287	884
288	936
289	827
290	865
291	922
292	898
293	860
294	856
295	904
296	894
297	880
298	914
299	877
300	960
301	912
302	848
303	902
304	936
305	885
306	889
307	918
308	898
309	901
310	957
311	929
312	887
313	955
314	925
315	941
316	907
317	941
318	971
319	984
320	932
321	939
322	876
323	936
324	851
325	986
326	903
327	897
328	900
329	893
330	953
331	914
332	927
333	942
334	923
335	922
336	922
337	925
338	915
339	956
340	921
341	914
342	928
343	971
344	949
345	937
346	930
347	933
348	906
349	972
350	957
351	951
352	980
353	974
354	988
355	941
356	972
357	917
358	977
359	1061
360	1001
361	966
362	912
363	931
364	986
365	981
366	952
367	987
368	980
369	948
370	1027
371	991
372	945
373	914
374	973
375	965
376	1008
377	1035
378	952
379	944
380	1011
381	1007
382	969
383	932
384	993
385	1007
386	987
387	971
388	957
389	980
390	951
391	1056
392	1010
393	964
394	1010
395	1006
396	1031
397	1012
398	1073
399	1063
400	1071
401	1020
402	1000
403	1016
404	1024
405	1023
406	980
407	1015
408	998
409	1002
410	990
411	1053
412	1030
413	1076
414	1038
415	1073
416	996
417	1106
418	1066
419	1047
420	1058
421	995
422	1104
423	982
424	1094
425	1106
426	1118
427	1042
428	1039
429	1065
430	1056
431	1091
432	1139
433	1075
434	1064
435	1076
436	1067
437	1074
438	1095
439	1078
440	1073
441	1082
442	1085
443	1123
444	1084
445	1112
446	1065
447	1075
448	1094
449	1063
450	1043
451	1131
452	1123
453	1098
454	1079
455	1109
456	1067
457	1158
458	1116
459	1135
460	1119
461	1160
462	1108
463	1083
464	1146
465	1088
466	1136
467	1121
468	1114
469	1174
470	1094
471	1092
472	1120
473	1127
474	1082
475	1205
476	1129
477	1116
478	1122
479	1136
480	1173
481	1176
482	1165
483	1210
484	1115
485	1141
486	1134
487	1165
488	1149
489	1146
490	1253
491	1140
492	1170
493	1176
494	1119
495	1093
496	1139
497	1107
498	1169
499	1208
500	1191
501	1158
502	1132
503	1206
504	1154
505	1218
506	1170
507	1187
508	1172
509	1190
510	1140
511	1146
512	1181
513	1188
514	1133
515	1136
516	1191
517	1230
518	1146
519	1167
520	1163
521	1174
522	1130
523	1220
524	1145
525	1227
526	1216
527	1246
528	1178
529	1250
530	1208
531	1193
532	1182
533	1264
534	1215
535	1225
536	1189
537	1231
538	1219
539	1261
540	1180
541	1182
542	1254
543	1202
544	1256
545	1217
546	1232
547	1214
548	1292
549	1228
550	1219
551	1234
552	1205
553	1242
554	1239
555	1239
556	1201
557	1188
558	1257
559	1262
560	1281
561	1266
562	1225
563	1217
564	1281
565	1168
566	1304
567	1203
568	1272
569	1260
570	1255
571	1263
572	1303
573	1211
574	1227
575	1240
576	1293
577	1298
578	1231
579	1317
580	1269
581	1303
582	1271
583	1269
584	1298
585	1298
586	1270
587	1290
588	1281
589	1229
590	1235
591	1261
592	1215
593	1225
594	1310
595	1339
596	1270
597	1373
598	1327
599	1237
600	1292
601	1255
602	1310
603	1299
604	1310
605	1306
606	1234
607	1296
608	1270
609	1269
610	1335
611	1276
612	1264
613	1389
614	1262
615	1309
616	1352
617	1349
618	1386
619	1287
620	1294
621	1345
622	1322
623	1352
624	1348
625	1280
626	1347
627	1279
628	1256
629	1369
630	1412
631	1267
632	1344
633	1286
634	1369
635	1318
636	1333
637	1349
638	1389
639	1403
640	1324
641	1338
642	1367
643	1359
644	1282
645	1368
646	1345
647	1375
648	1332
649	1336
650	1328
651	1375
652	1369
653	1337
654	1352
655	1413
656	1371
657	1372
658	1339
659	1373
660	1414
661	1394
662	1359
663	1357
664	1413
665	1395
666	1330
667	1391
668	1363
669	1407
670	1392
671	1390
672	1383
673	1391
674	1426
675	1411
676	1377
677	1397
678	1387
679	1308
680	1442
681	1376
682	1402
683	1423
684	1431
685	1370
686	1435
687	1442
688	1401
689	1457
690	1428
691	1376
692	1455
693	1461
694	1395
695	1447
696	1386
697	1408
698	1371
699	1471
700	1458
701	1464
702	1429
703	1501
704	1422
705	1420
706	1447
707	1463
708	1466
709	1435
710	1452
711	1506
712	1373
713	1421
714	1471
715	1386
716	1404
717	1379
718	1412
719	1493
720	1433
721	1466
722	1456
723	1433
724	1439
725	1463
726	1514
727	1494
728	1436
729	1465
730	1417
731	1578
732	1489
733	1497
734	1494
735	1478
736	1447
737	1415
738	1448
739	1474
740	1484
741	1455
742	1542
743	1523
744	1477
745	1498
746	1479
747	1482
748	1457
749	1394
750	1486
751	1513
752	1492
753	1520
754	1512
755	1473
756	1493
757	1429
758	1529
759	1559
760	1478
761	1503
762	1454
763	1479
764	1542
765	1501
766	1497
767	1488
768	1503
769	1492
770	1574
771	1571
772	1517
773	1467
774	1554
775	1570
776	1469
777	1497
778	1551
779	1482
780	1606
781	1558
782	1499
783	1532
784	1554
785	1495
786	1516
787	1549
788	1586
789	1450
790	1504
791	1511
792	1492
793	1558
794	1571
795	1554
796	1488
797	1559
798	1540
799	1520
800	1484
801	1519
802	1545
803	1587
804	1570
805	1595
806	1587
807	1556
808	1499
809	1552
810	1588
811	1637
812	1530
813	1593
814	1602
815	1529
816	1545
817	1570
818	1576
819	1548
820	1586
821	1620
822	1549
823	1556
824	1604
825	1631
826	1546
827	1514
828	1512
829	1626
830	1564
831	1627
832	1523
833	1549
834	1545
835	1533
836	1616
837	1552
838	1578
839	1541
840	1643
841	1617
842	1615
843	1618
844	1659
845	1637
846	1575
847	1618
848	1659
849	1535
850	1679
851	1599
852	1644
853	1693
854	1538
855	1642
856	1624
857	1642
858	1551
859	1641
860	1640
861	1551
862	1567
863	1606
864	1607
865	1630
866	1600
867	1637
868	1577
869	1663
870	1660
871	1594
872	1586
873	1643
874	1597
875	1665
876	1580
877	1568
878	1630
879	1641
880	1600
881	1674
882	1617
883	1581
884	1644
885	1650
886	1667
887	1682
888	1624
889	1667
890	1702
891	1644
892	1625
893	1645
894	1637
895	1712
896	1602
897	1679
898	1727
899	1680
900	1719
901	1640
902	1631
903	1630
904	1594
905	1630
906	1687
907	1696
908	1711
909	1653
910	1646
911	1691
912	1647
913	1670
914	1675
915	1737
916	1744
917	1701
918	1663
919	1660
920	1614
921	1682
922	1725
923	1671
924	1697
925	1713
926	1641
927	1704
928	1636
929	1712
930	1724
931	1719
932	1712
933	1686
934	1695
935	1694
936	1670
937	1677
938	1665
939	1664
940	1737
941	1701
942	1748
943	1721
944	1751
945	1663
946	1833
947	1767
948	1690
949	1752
950	1752
951	1789
952	1713
953	1705
954	1729
955	1743
956	1710
957	1745
958	1657
959	1712
960	1675
961	1689
962	1689
963	1690
964	1752
965	1749
966	1633
967	1797
968	1735
969	1829
970	1786
971	1745
972	1788
973	1657
974	1756
975	1674
976	1786
977	1689
978	1752
979	1804
980	1719
981	1772
982	1755
983	1774
984	1798
985	1760
986	1690
987	1736
988	1730
989	1749
990	1789
991	1768
992	1761
993	1771
994	1712
995	1789
996	1731
997	1769
998	1813
999	1765
1000	1795
1001	1777
1002	1724
1003	1770
1004	1773
1005	1805
1006	1773
1007	1707
1008	1729
1009	1796
1010	1785
1011	1743
1012	1855
1013	1753
1014	1739
1015	1765
1016	1771
1017	1749
1018	1834
1019	1746
1020	1764
1021	1805
1022	1801
1023	1782
1024	1797
1025	1803
1026	1736
1027	1798
1028	1760
1029	1721
1030	1736
1031	1747
1032	1819
1033	1798
1034	1861
1035	1859
1036	1776
1037	1798
1038	1819
1039	1810
1040	1763
1041	1815
1042	1783
1043	1736
1044	1793
1045	1828
1046	1702
1047	1775
1048	1802
1049	1868
1050	1789
1051	1833
1052	1766
1053	1832
1054	1849
1055	1858
1056	1756
1057	1719
1058	1774
1059	1812
1060	1807
1061	1858
1062	1792
1063	1726
1064	1809
1065	1774
1066	1831
1067	1838
1068	1773
1069	1850
1070	1852
1071	1814
1072	1837
1073	1843
1074	1770
1075	1820
1076	1833
1077	1788
1078	1892
1079	1776
1080	1863
1081	1842
1082	1823
1083	1866
1084	1809
1085	1841
1086	1800
1087	1855
1088	1854
1089	1920
1090	1919
1091	1876
1092	1875
1093	1952
1094	1761
1095	1913
1096	1778
1097	1944
1098	1862
1099	1847
1100	1836
1101	1744
1102	1748
1103	1872
1104	1836
1105	1854
1106	1827
1107	1929
1108	1831
1109	1896
1110	1886
1111	1877
1112	1940
1113	1792
1114	1870
1115	1926
1116	1854
1117	1834
1118	1916
1119	1826
1120	1770
1121	1859
1122	1849
1123	1877
1124	1852
1125	1865
1126	1835
1127	1861
1128	1877
1129	1895
1130	1871
1131	1893
1132	1854
1133	1834
1134	1897
1135	1831
1136	1880
1137	1913
1138	1957
1139	1929
1140	1914
1141	1835
1142	1918
1143	1869
1144	1832
1145	1924
1146	1819
1147	1924
1148	1976
1149	1797
1150	1842
1151	1941
1152	1851
1153	1827
1154	1884
1155	1897
1156	1870
1157	1895
1158	1919
1159	1859
1160	1842
1161	1905
1162	1917
1163	1861
1164	1873
1165	1830
1166	1870
1167	1978
1168	1931
1169	1874
1170	1874
1171	1847
1172	1919
1173	1972
1174	1898
1175	1991
1176	1887
1177	1896
1178	2008
1179	1897
1180	1925
1181	2022
1182	1813
1183	1883
1184	1954
1185	1989
1186	1967
1187	1960
1188	1876
1189	1870
1190	1988
1191	1905
1192	1851
1193	1874
1194	1940
1195	1966
1196	1861
1197	1892
1198	1921
1199	1861
1200	1901
1201	1921
1202	1951
1203	1902
1204	1889
1205	1935
1206	1933
1207	1984
1208	1927
1209	1953
1210	1880
1211	1951
1212	1942
1213	1949
1214	1926
1215	1956
1216	1933
1217	2024
1218	2002
1219	1979
1220	1954
1221	1946
1222	1979
1223	1902
1224	1947
1225	1983
1226	1984
1227	1941
1228	1994
1229	1911
1230	1927
1231	1969
1232	2007
1233	1949
1234	1926
1235	1838
1236	1993
1237	1978
1238	1946
1239	1973
1240	1943
1241	1964
1242	1932
1243	1983
1244	1965
1245	1927
1246	1987
1247	1938
1248	1968
1249	1963
1250	1991
1251	1916
1252	2018
1253	2004
1254	1968
1255	1966
1256	1892
1257	2003
1258	1910
1259	1992
1260	2003
1261	1956
1262	1884
1263	1936
1264	1964
1265	1931
1266	1952
1267	2004
1268	2032
1269	1980
1270	1934
1271	2062
1272	1916
1273	2013
1274	1949
1275	2036
1276	2011
1277	1976
1278	1842
1279	1993
1280	1992
1281	1965
1282	2020
1283	1975
1284	1940
1285	1980
1286	1983
1287	2054
1288	2057
1289	1886
1290	1990
1291	2013
1292	1962
1293	1951
1294	2040
1295	1961
1296	2061
1297	1957
1298	2040
1299	1939
1300	2006
1301	2003
1302	2034
1303	1988
1304	2053
1305	1963
1306	1963
1307	1917
1308	1994
1309	2016
1310	1909
1311	2101
1312	1967
1313	2007
1314	1922
1315	1946
1316	2087
1317	2022
1318	1971
1319	2054
1320	1999
1321	2010
1322	1999
1323	2057
1324	1990
1325	1961
1326	1923
1327	2009
1328	2038
1329	2043
1330	1933
1331	2025
1332	1945
1333	2044
1334	2106
1335	2009
1336	1992
1337	2020
1338	2029
1339	2036
1340	1986
1341	1892
1342	2037
1343	2006
1344	1980
1345	2047
1346	1975
1347	2026
1348	2010
1349	1920
1350	2021
1351	1973
1352	2007
1353	2001
1354	1950
1355	2046
1356	1969
1357	1896
1358	2030
1359	2077
1360	2073
1361	2021
1362	1979
1363	2018
1364	1939
1365	2065
1366	2055
1367	1957
1368	1940
1369	2052
1370	2052
1371	2047
1372	2056
1373	2045
1374	1948
1375	2031
1376	2023
1377	2056
1378	2073
1379	1988
1380	2032
1381	2055
1382	1997
1383	2088
1384	1996
1385	2011
1386	2060
1387	2025
1388	2012
1389	2012
1390	2077
1391	2013
1392	2054
1393	1945
1394	2058
1395	2000
1396	1925
1397	2042
1398	2068
1399	2013
1400	1980
1401	2006
1402	2039
1403	2032
1404	2132
1405	2020
1406	2017
1407	2083
1408	1990
1409	2033
1410	2112
1411	2081
1412	2012
1413	2049
1414	2026
1415	1969
1416	2038
1417	2000
1418	2030
1419	2111
1420	1999
1421	2041
1422	2043
1423	2120
1424	2017
1425	2052
1426	2026
1427	2019
1428	2021
1429	2038
1430	1962
1431	2046
1432	2114
1433	2069
1434	2070
1435	2080
1436	2009
1437	2048
1438	2058
1439	2069
1440	2077
1441	2102
1442	2077
1443	1986
1444	2065
1445	2018
1446	2015
1447	1976
1448	2058
1449	2051
1450	2042
1451	2064
1452	2095
1453	2101
1454	2015
1455	2064
1456	2033
1457	1994
1458	2040
1459	2127
1460	2079
1461	2054
1462	2039
1463	2062
1464	2013
1465	2044
1466	2014
1467	2110
1468	2055
1469	2076
1470	2044
1471	2127
1472	2070
1473	2040
1474	2073
1475	2103
1476	2113
1477	2094
1478	2039
1479	2086
1480	2115
1481	2066
1482	2016
1483	2179
1484	2135
1485	1949
1486	1982
1487	2042
1488	2023
1489	1997
1490	2154
1491	2038
1492	2129
1493	1998
1494	2181
1495	1971
1496	2090
1497	1991
1498	1994
1499	2021
1500	2072
1501	2067
1502	2046
1503	2190
1504	1983
1505	2074
1506	1996
1507	2124
1508	2078
1509	1977
1510	2110
1511	2094
1512	1999
1513	2006
1514	1989
1515	2086
1516	2068
1517	2122
1518	2081
1519	2070
1520	2099
1521	2118
1522	2062
1523	2140
1524	2056
1525	2101
1526	2056
1527	2120
1528	2053
1529	1990
1530	1996
1531	2129
1532	2070
1533	2035
1534	2099
1535	2112
1536	2151
1537	2124
1538	2100
1539	2043
1540	2076
1541	2158
1542	2078
1543	2071
1544	2063
1545	2131
1546	2078
1547	2158
1548	2023
1549	2027
1550	2115
1551	2124
1552	2113
1553	2036
1554	2101
1555	2110
1556	2112
1557	2152
1558	2146
1559	2134
1560	2099
1561	2049
1562	2030
1563	2113
1564	2087
1565	2134
1566	2164
1567	2094
1568	2040
1569	2115
1570	2041
1571	2181
1572	2145
1573	2023
1574	2102
1575	2118
1576	2131
1577	2098
1578	2080
1579	2058
1580	2144
1581	2074
1582	2078
1583	2034
1584	2080
1585	2126
1586	2135
1587	2012
1588	2053
1589	2111
1590	2108
1591	2047
1592	2059
1593	2109
1594	2078
1595	2112
1596	2079
1597	2079
1598	2031
1599	2088
1600	2117
1601	2048
1602	2050
1603	2052
1604	2161
1605	2113
1606	2147
1607	2081
1608	2053
1609	2099
1610	2060
1611	2088
1612	2069
1613	2078
1614	2054
1615	2087
1616	2023
1617	2072
1618	2069
1619	2036
1620	2109
1621	2041
1622	2206
1623	2086
1624	2062
1625	2090
1626	2013
1627	2132
1628	2098
1629	2111
1630	2120
1631	2091
1632	2085
1633	2095
1634	2013
1635	2086
1636	2072
1637	2094
1638	2097
1639	2192
1640	2111
1641	2129
1642	2045
1643	2123
1644	2129
1645	2008
1646	2068
1647	2084
1648	2201
1649	2173
1650	2056
1651	2124
1652	2034
1653	2034
1654	2065
1655	2132
1656	2117
1657	2132
1658	2044
1659	2127
1660	2195
1661	2059
1662	2042
1663	2095
1664	2124
1665	2104
1666	2013
1667	2114
1668	2084
1669	2099
1670	2156
1671	2150
1672	2165
1673	2056
1674	2095
1675	2144
1676	2081
1677	2104
1678	2031
1679	2034
1680	2084
1681	2184
1682	1997
1683	2081
1684	2092
1685	2136
1686	2168
1687	2001
1688	2011
1689	2083
1690	2134
1691	2107
1692	2071
1693	2011
1694	2180
1695	1988
1696	2084
1697	2040
1698	2106
1699	2153
1700	2066
1701	2091
1702	2086
1703	2027
1704	2096
1705	2030
1706	2156
1707	2051
1708	2100
1709	2079
1710	2124
1711	2103
1712	2075
1713	1995
1714	2100
1715	2047
1716	2177
1717	2109
1718	2132
1719	2102
1720	2003
1721	2163
1722	2098
1723	2166
1724	2101
1725	2070
1726	2054
1727	1981
1728	2112
1729	2012
1730	2073
1731	2031
1732	2108
1733	2120
1734	2070
1735	2018
1736	2056
1737	2058
1738	2088
1739	2158
1740	2049
1741	2111
1742	2053
1743	2061
1744	2046
1745	2071
1746	2125
1747	2132
1748	2070
1749	2052
1750	2012
1751	2162
1752	2131
1753	2166
1754	2096
1755	2162
1756	2107
1757	2047
1758	2057
1759	2085
1760	2158
1761	2064
1762	2030
1763	2099
1764	2079
1765	2141
1766	2041
1767	2075
1768	2015
1769	2002
1770	2021
1771	2040
1772	2054
1773	2111
1774	2065
1775	2168
1776	2139
1777	2071
1778	2078
1779	2074
1780	2042
1781	2066
1782	2079
1783	2064
1784	2095
1785	2027
1786	2079
1787	2003
1788	2048
1789	2140
1790	2095
1791	2018
1792	2102
1793	2060
1794	2026
1795	2114
1796	2003
1797	2066
1798	2077
1799	2046
1800	2015
1801	2084
1802	2125
1803	2050
1804	2122
1805	2101
1806	2000
1807	2064
1808	2103
1809	2091
1810	2047
1811	2081
1812	2147
1813	2078
1814	2052
1815	2040
1816	2160
1817	2062
1818	2136
1819	2084
1820	2002
1821	2089
1822	1982
1823	2119
1824	2015
1825	2020
1826	2100
1827	2152
1828	2033
1829	2030
1830	2162
1831	2126
1832	2073
1833	2063
1834	2063
1835	2094
1836	1997
1837	2042
1838	2055
1839	2055
1840	2077
1841	2070
1842	2124
1843	2068
1844	2065
1845	2035
1846	2068
1847	2128
1848	2067
1849	2041
1850	2052
1851	2093
1852	1961
1853	2006
1854	1981
1855	2078
1856	2138
1857	2076
1858	2033
1859	2031
1860	2131
1861	2109
1862	2050
1863	1999
1864	2059
1865	2079
1866	2087
1867	2005
1868	2104
1869	2035
1870	2056
1871	2021
1872	2088
1873	2058
1874	2033
1875	2075
1876	2065
1877	2039
1878	2046
1879	2103
1880	2106
1881	2073
1882	2094
1883	2124
1884	2134
1885	2103
1886	2074
1887	2068
1888	1984
1889	2074
1890	2056
1891	2048
1892	2125
1893	2000
1894	2038
1895	2025
1896	1998
1897	2106
1898	2102
1899	2016
1900	2022
1901	2078
1902	2074
1903	2065
1904	2142
1905	2050
1906	1914
1907	2032
1908	2113
1909	2054
1910	2055
1911	1968
1912	2089
1913	2024
1914	2046
1915	2134
1916	2079
1917	2052
1918	2007
1919	2020
1920	2071
1921	2035
1922	2156
1923	2043
1924	2044
1925	2009
1926	2067
1927	1963
1928	2041
1929	1990
1930	2096
1931	2074
1932	2025
1933	1996
1934	2030
1935	2035
1936	2135
1937	2043
1938	1951
1939	2053
1940	2001
1941	2079
1942	1948
1943	2018
1944	2000
1945	2129
1946	1989
1947	1960
1948	1941
1949	1948
1950	1956
1951	1995
1952	2003
1953	1908
1954	2060
1955	2027
1956	2026
1957	2023
1958	2037
1959	1983
1960	2077
1961	2035
1962	2011
1963	2031
1964	2069
1965	1970
1966	1962
1967	2007
1968	2033
1969	1970
1970	2032
1971	2141
1972	1964
1973	2004
1974	2033
1975	2038
1976	1995
1977	2055
1978	1974
1979	1957
1980	1977
1981	2073
1982	1988
1983	2071
1984	2045
1985	2007
1986	1994
1987	2019
1988	1978
1989	2046
1990	1995
1991	2021
1992	1954
1993	2102
1994	1962
1995	2035
1996	2005
1997	1842
1998	2069
1999	1998
2000	2013
2001	2060
2002	1931
2003	2072
2004	1978
2005	1986
2006	1976
2007	1974
2008	1997
2009	1967
2010	1939
2011	1994
2012	1989
2013	1961
2014	2025
2015	2017
2016	1934
2017	1998
2018	2007
2019	2024
2020	2019
2021	1975
2022	2038
2023	1897
2024	1975
2025	2054
2026	2015
2027	2007
2028	2038
2029	1942
2030	2001
2031	1923
2032	2050
2033	2031
2034	1954
2035	1956
2036	1929
2037	2017
2038	1977
2039	1980
2040	1942
2041	1911
2042	1975
2043	1890
2044	1977
2045	1932
2046	1964
2047	1894
2048	1998
2049	1954
2050	1972
2051	1996
2052	1921
2053	1973
2054	1934
2055	1963
2056	1974
2057	2027
2058	1981
2059	1987
2060	1944
2061	2025
2062	1936
2063	1902
2064	1923
2065	2001
2066	1940
2067	1984
2068	1990
2069	1956
2070	2006
2071	2022
2072	2020
2073	1986
2074	1883
2075	1946
2076	2011
2077	2015
2078	1970
2079	1946
2080	2026
2081	1991
2082	1941
2083	1941
2084	1980
2085	1872
2086	2071
2087	1867
2088	1976
2089	1941
2090	1899
2091	1991
2092	2014
2093	1924
2094	1961
2095	1890
2096	1934
2097	1924
2098	1906
2099	1936
2100	1923
2101	1995
2102	1942
2103	1944
2104	1901
2105	1916
2106	1903
2107	1956
2108	1906
2109	1953
2110	1868
2111	1910
2112	1961
2113	1899
2114	1925
2115	1887
2116	1943
2117	1957
2118	1919
2119	1984
2120	1927
2121	1902
2122	2024
2123	1924
2124	1893
2125	2030
2126	1941
2127	1846
2128	1876
2129	1951
2130	1952
2131	2006
2132	1933
2133	1958
2134	1867
2135	2025
2136	1891
2137	1949
2138	1832
2139	1929
2140	1941
2141	1872
2142	1900
2143	1956
2144	1981
2145	1953
2146	1981
2147	1951
2148	2054
2149	2033
2150	1952
2151	1993
2152	1960
2153	1950
2154	2004
2155	2116
2156	2127
2157	2053
2158	2072
2159	2189
2160	2236
2161	2160
2162	2175
2163	2283
2164	2375
2165	2297
2166	2365
2167	2587
2168	2492
2169	2430
2170	2573
2171	2719
2172	2716
2173	2782
2174	2771
2175	2991
2176	2950
2177	3069
2178	3140
2179	3172
2180	3295
2181	3327
2182	3496
2183	3527
2184	3560
2185	3718
2186	3741
2187	3763
2188	3949
2189	4019
2190	4049
2191	4157
2192	4239
2193	4137
2194	4264
2195	4383
2196	4513
2197	4438
2198	4558
2199	4379
2200	4508
2201	4620
2202	4522
2203	4577
2204	4630
2205	4773
2206	4581
2207	4658
2208	4535
2209	4350
2210	4310
2211	4304
2212	4390
2213	4378
2214	4334
2215	4151
2216	4159
2217	4074
2218	3850
2219	3880
2220	3829
2221	3771
2222	3581
2223	3506
2224	3386
2225	3380
2226	3326
2227	3296
2228	3215
2229	3053
2230	3020
2231	2951
2232	2906
2233	2919
2234	2742
2235	2608
2236	2704
2237	2501
2238	2485
2239	2439
2240	2369
2241	2329
2242	2291
2243	2208
2244	2205
2245	2206
2246	2102
2247	2077
2248	2057
2249	2039
2250	1987
2251	2020
2252	1958
2253	2027
2254	1887
2255	1871
2256	1908
2257	1852
2258	1899
2259	1842
2260	1833
2261	1839
2262	1861
2263	1878
2264	1813
2265	1841
2266	1804
2267	1875
2268	1852
2269	1780
2270	1805
2271	1811
2272	1814
2273	1828
2274	1881
2275	1861
2276	1719
2277	1820
2278	1834
2279	1796
2280	1776
2281	1832
2282	1829
2283	1724
2284	1860
2285	1754
2286	1808
2287	1794
2288	1822
2289	1840
2290	1782
2291	1791
2292	1792
2293	1771
2294	1804
2295	1776
2296	1862
2297	1843
2298	1758
2299	1748
2300	1833
2301	1730
2302	1739
2303	1764
2304	1771
2305	1786
2306	1780
2307	1741
2308	1645
2309	1692
2310	1739
2311	1721
2312	1744
2313	1719
2314	1786
2315	1782
2316	1821
2317	1813
2318	1746
2319	1746
2320	1727
2321	1759
2322	1857
2323	1778
2324	1762
2325	1754
2326	1816
2327	1849
2328	1755
2329	1759
2330	1813
2331	1820
2332	1819
2333	1711
2334	1848
2335	1818
2336	1867
2337	1836
2338	1851
2339	1830
2340	1948
2341	1910
2342	2018
2343	1886
2344	1944
2345	2028
2346	2029
2347	1995
2348	2102
2349	2075
2350	2072
2351	2163
2352	2052
2353	2154
2354	2191
2355	2270
2356	2378
2357	2310
2358	2401
2359	2440
2360	2461
2361	2457
2362	2384
2363	2465
2364	2590
2365	2598
2366	2595
2367	2684
2368	2712
2369	2772
2370	2762
2371	2748
2372	2702
2373	2767
2374	2858
2375	2772
2376	2853
2377	2869
2378	2803
2379	2900
2380	2778
2381	2939
2382	2887
2383	2912
2384	2937
2385	2800
2386	2796
2387	2856
2388	2805
2389	2840
2390	2652
2391	2753
2392	2696
2393	2687
2394	2580
2395	2614
2396	2530
2397	2530
2398	2491
2399	2491
2400	2488
2401	2375
2402	2336
2403	2279
2404	2262
2405	2297
2406	2212
2407	2175
2408	2031
2409	2133
2410	2083
2411	1976
2412	2077
2413	1987
2414	2001
2415	1877
2416	1856
2417	1834
2418	1827
2419	1886
2420	1835
2421	1809
2422	1776
2423	1852
2424	1750
2425	1729
2426	1739
2427	1746
2428	1760
2429	1767
2430	1665
2431	1716
2432	1736
2433	1617
2434	1798
2435	1718
2436	1735
2437	1592
2438	1602
2439	1673
2440	1679
2441	1662
2442	1667
2443	1708
2444	1605
2445	1584
2446	1663
2447	1668
2448	1662
2449	1651
2450	1669
2451	1576
2452	1621
2453	1605
2454	1664
2455	1606
2456	1670
2457	1598
2458	1591
2459	1594
2460	1584
2461	1607
2462	1599
2463	1591
2464	1581
2465	1583
2466	1597
2467	1610
2468	1597
2469	1527
2470	1607
2471	1547
2472	1618
2473	1604
2474	1591
2475	1592
2476	1618
2477	1619
2478	1576
2479	1626
2480	1662
2481	1546
2482	1613
2483	1592
2484	1556
2485	1531
2486	1609
2487	1524
2488	1569
2489	1580
2490	1557
2491	1640
2492	1569
2493	1536
2494	1579
2495	1637
2496	1516
2497	1532
2498	1513
2499	1604
2500	1560
2501	1587
2502	1481
2503	1532
2504	1504
2505	1583
2506	1563
2507	1466
2508	1573
2509	1569
2510	1582
2511	1537
2512	1495
2513	1614
2514	1591
2515	1566
2516	1560
2517	1557
2518	1509
2519	1569
2520	1563
2521	1562
2522	1530
2523	1564
2524	1540
2525	1629
2526	1529
2527	1443
2528	1448
2529	1528
2530	1569
2531	1562
2532	1480
2533	1502
2534	1578
2535	1565
2536	1554
2537	1444
2538	1492
2539	1617
2540	1495
2541	1564
2542	1472
2543	1510
2544	1507
2545	1488
2546	1467
2547	1442
2548	1466
2549	1476
2550	1420
2551	1530
2552	1498
2553	1496
2554	1512
2555	1521
2556	1487
2557	1426
2558	1520
2559	1528
2560	1446
2561	1486
2562	1479
2563	1525
2564	1499
2565	1502
2566	1471
2567	1481
2568	1488
2569	1428
2570	1457
2571	1476
2572	1464
2573	1435
2574	1478
2575	1515
2576	1469
2577	1438
2578	1448
2579	1538
2580	1466
2581	1500
2582	1428
2583	1495
2584	1533
2585	1478
2586	1483
2587	1389
2588	1479
2589	1451
2590	1449
2591	1499
2592	1437
2593	1463
2594	1415
2595	1393
2596	1394
2597	1462
2598	1452
2599	1450
2600	1449
2601	1445
2602	1419
2603	1503
2604	1494
2605	1467
2606	1495
2607	1428
2608	1413
2609	1462
2610	1406
2611	1370
2612	1474
2613	1432
2614	1393
2615	1412
2616	1343
2617	1428
2618	1433
2619	1411
2620	1413
2621	1496
2622	1461
2623	1458
2624	1482
2625	1368
2626	1432
2627	1371
2628	1362
2629	1410
2630	1348
2631	1416
2632	1368
2633	1426
2634	1412
2635	1452
2636	1381
2637	1379
2638	1451
2639	1436
2640	1374
2641	1412
2642	1387
2643	1337
2644	1401
2645	1361
2646	1422
2647	1368
2648	1376
2649	1387
2650	1375
2651	1410
2652	1366
2653	1392
2654	1301
2655	1345
2656	1394
2657	1355
2658	1433
2659	1381
2660	1315
2661	1387
2662	1427
2663	1273
2664	1342
2665	1365
2666	1370
2667	1365
2668	1346
2669	1373
2670	1435
2671	1405
2672	1409
2673	1332
2674	1365
2675	1330
2676	1307
2677	1401
2678	1347
2679	1361
2680	1378
2681	1387
2682	1367
2683	1322
2684	1343
2685	1310
2686	1394
2687	1321
2688	1310
2689	1352
2690	1303
2691	1299
2692	1293
2693	1351
2694	1345
2695	1316
2696	1263
2697	1240
2698	1280
2699	1322
2700	1354
2701	1282
2702	1314
2703	1323
2704	1321
2705	1277
2706	1270
2707	1257
2708	1307
2709	1276
2710	1342
2711	1317
2712	1244
2713	1335
2714	1270
2715	1272
2716	1233
2717	1314
2718	1296
2719	1342
2720	1292
2721	1240
2722	1302
2723	1291
2724	1275
2725	1302
2726	1347
2727	1307
2728	1244
2729	1337
2730	1307
2731	1258
2732	1292
2733	1271
2734	1351
2735	1219
2736	1231
2737	1354
2738	1255
2739	1173
2740	1312
2741	1210
2742	1273
2743	1284
2744	1342
2745	1209
2746	1276
2747	1280
2748	1241
2749	1227
2750	1258
2751	1342
2752	1204
2753	1247
2754	1257
2755	1276
2756	1202
2757	1218
2758	1253
2759	1216
2760	1284
2761	1236
2762	1228
2763	1205
2764	1278
2765	1217
2766	1204
2767	1269
2768	1196
2769	1306
2770	1279
2771	1236
2772	1239
2773	1192
2774	1204
2775	1247
2776	1180
2777	1227
2778	1237
2779	1242
2780	1268
2781	1183
2782	1185
2783	1195
2784	1179
2785	1202
2786	1184
2787	1163
2788	1175
2789	1235
2790	1201
2791	1144
2792	1196
2793	1185
2794	1156
2795	1214
2796	1190
2797	1215
2798	1168
2799	1081
2800	1159
2801	1141
2802	1159
2803	1227
2804	1153
2805	1200
2806	1187
2807	1205
2808	1151
2809	1200
2810	1128
2811	1082
2812	1119
2813	1189
2814	1196
2815	1142
2816	1152
2817	1185
2818	1130
2819	1180
2820	1155
2821	1124
2822	1140
2823	1107
2824	1200
2825	1142
2826	1168
2827	1164
2828	1185
2829	1153
2830	1173
2831	1062
2832	1107
2833	1138
2834	1231
2835	1101
2836	1165
2837	1190
2838	1075
2839	1149
2840	1148
2841	1151
2842	1075
2843	1163
2844	1120
2845	1080
2846	1122
2847	1110
2848	1107
2849	1123
2850	1172
2851	1063
2852	1097
2853	1126
2854	1110
2855	1072
2856	1054
2857	1059
2858	1178
2859	1088
2860	1132
2861	1095
2862	1053
2863	1086
2864	1116
2865	1090
2866	1107
2867	1108
2868	1091
2869	1102
2870	1088
2871	1092
2872	1087
2873	1106
2874	1098
2875	1058
2876	1117
2877	1057
2878	1052
2879	1140
2880	1052
2881	1081
2882	1054
2883	1070
2884	1086
2885	1022
2886	1020
2887	1154
2888	1067
2889	1070
2890	1082
2891	1069
2892	1013
2893	1079
2894	1026
2895	1014
2896	1057
2897	1013
2898	1046
2899	1036
2900	1052
2901	1061
2902	1022
2903	1043
2904	996
2905	1064
2906	1013
2907	1077
2908	1040
2909	1025
2910	1110
2911	1075
2912	1073
2913	1003
2914	984
2915	976
2916	1054
2917	1038
2918	1002
2919	995
2920	1043
2921	998
2922	1004
2923	1027
2924	1018
2925	995
2926	979
2927	1019
2928	1014
2929	1018
2930	979
2931	958
2932	999
2933	1063
2934	998
2935	919
2936	932
2937	957
2938	1048
2939	1006
2940	999
2941	977
2942	980
2943	988
2944	959
2945	979
2946	957
2947	988
2948	981
2949	937
2950	962
2951	951
2952	972
2953	1041
2954	942
2955	931
2956	970
2957	933
2958	971
2959	985
2960	931
2961	985
2962	999
2963	922
2964	953
2965	939
2966	936
2967	949
2968	923
2969	979
2970	990
2971	915
2972	917
2973	956
2974	1005
2975	885
2976	961
2977	936
2978	963
2979	951
2980	913
2981	891
2982	963
2983	970
2984	961
2985	942
2986	888
2987	950
2988	927
2989	915
2990	908
2991	915
2992	916
2993	886
2994	922
2995	983
2996	890
2997	920
2998	889
2999	898
3000	878
3001	887
3002	905
3003	902
3004	901
3005	903
3006	900
3007	890
3008	919
3009	871
3010	916
3011	897
3012	842
3013	901
3014	872
3015	896
3016	851
3017	902
3018	904
3019	795
3020	866
3021	869
3022	874
3023	818
3024	896
3025	902
3026	866
3027	811
3028	884
3029	807
3030	890
3031	875
3032	896
3033	854
3034	900
3035	849
3036	849
3037	865
3038	797
3039	880
3040	820
3041	834
3042	868
3043	816
3044	821
3045	832
3046	860
3047	792
3048	839
3049	817
3050	829
3051	852
3052	815
3053	841
3054	824
3055	804
3056	824
3057	785
3058	806
3059	855
3060	851
3061	799
3062	830
3063	824
3064	797
3065	807
3066	794
3067	799
3068	787
3069	797
3070	832
3071	790
3072	772
3073	830
3074	787
3075	813
3076	821
3077	776
3078	814
3079	783
3080	764
3081	826
3082	766
3083	756
3084	816
3085	758
3086	805
3087	748
3088	733
3089	752
3090	764
3091	791
3092	736
3093	753
3094	761
3095	821
3096	760
3097	802
3098	771
3099	760
3100	773
3101	703
3102	759
3103	785
3104	734
3105	761
3106	776
3107	793
3108	805
3109	768
3110	727
3111	776
3112	749
3113	750
3114	724
3115	725
3116	759
3117	808
3118	701
3119	780
3120	758
3121	699
3122	736
3123	683
3124	742
3125	751
3126	739
3127	700
3128	711
3129	728
3130	707
3131	706
3132	696
3133	745
3134	680
3135	741
3136	709
3137	699
3138	781
3139	729
3140	702
3141	696
3142	689
3143	680
3144	709
3145	722
3146	661
3147	662
3148	789
3149	671
3150	667
3151	729
3152	673
3153	696
3154	668
3155	708
3156	666
3157	678
3158	695
3159	672
3160	638
3161	695
3162	653
3163	633
3164	663
3165	678
3166	642
3167	700
3168	709
3169	669
3170	664
3171	699
3172	678
3173	675
3174	627
3175	681
3176	682
3177	670
3178	673
3179	689
3180	684
3181	621
3182	647
3183	629
3184	607
3185	687
3186	656
3187	672
3188	653
3189	619
3190	648
3191	634
3192	641
3193	604
3194	625
3195	627
3196	666
3197	654
3198	655
3199	641
3200	658
3201	662
3202	620
3203	653
3204	665
3205	643
3206	612
3207	606
3208	586
3209	648
3210	638
3211	640
3212	642
3213	582
3214	564
3215	600
3216	641
3217	594
3218	630
3219	540
3220	563
3221	608
3222	622
3223	640
3224	626
3225	588
3226	591
3227	604
3228	605
3229	550
3230	562
3231	604
3232	580
3233	598
3234	672
3235	582
3236	575
3237	552
3238	579
3239	596
3240	581
3241	577
3242	595
3243	550
3244	516
3245	543
3246	531
3247	602
3248	569
3249	536
3250	555
3251	517
3252	559
3253	587
3254	553
3255	553
3256	537
3257	517
3258	532
3259	571
3260	516
3261	561
3262	550
3263	549
3264	536
3265	502
3266	587
3267	531
3268	552
3269	536
3270	560
3271	550
3272	531
3273	513
3274	497
3275	487
3276	541
3277	537
3278	550
3279	509
3280	501
3281	532
3282	522
3283	521
3284	523
3285	522
3286	558
3287	524
3288	506
3289	496
3290	460
3291	508
3292	546
3293	527
3294	535
3295	558
3296	557
3297	455
3298	495
3299	504
3300	495
3301	504
3302	522
3303	512
3304	520
3305	534
3306	503
3307	502
3308	518
3309	518
3310	542
3311	490
3312	474
3313	447
3314	477
3315	479
3316	503
3317	483
3318	451
3319	459
3320	438
3321	481
3322	469
3323	451
3324	490
3325	466
3326	450
3327	462
3328	473
3329	471
3330	437
3331	433
3332	448
3333	442
3334	501
3335	499
3336	463
3337	451
3338	413
3339	470
3340	450
3341	422
3342	415
3343	459
3344	408
3345	413
3346	426
3347	425
3348	438
3349	405
3350	445
3351	456
3352	408
3353	426
3354	418
3355	402
3356	426
3357	417
3358	444
3359	425
3360	422
3361	406
3362	443
3363	410
3364	434
3365	402
3366	423
3367	454
3368	415
3369	393
3370	375
3371	397
3372	363
3373	417
3374	391
3375	415
3376	437
3377	415
3378	446
3379	378
3380	363
3381	462
3382	397
3383	383
3384	406
3385	384
3386	381
3387	379
3388	402
3389	405
3390	387
3391	379
3392	401
3393	395
3394	379
3395	374
3396	364
3397	357
3398	377
3399	362
3400	360
3401	383
3402	344
3403	404
3404	363
3405	382
3406	375
3407	368
3408	367
3409	328
3410	362
3411	347
3412	353
3413	376
3414	329
3415	345
3416	356
3417	344
3418	337
3419	368
3420	359
3421	342
3422	379
3423	346
3424	373
3425	343
3426	360
3427	345
3428	360
3429	344
3430	369
3431	335
3432	350
3433	307
3434	310
3435	329
3436	366
3437	375
3438	298
3439	351
3440	339
3441	310
3442	326
3443	312
3444	326
3445	331
3446	340
3447	294
3448	326
3449	347
3450	321
3451	295
3452	306
3453	355
3454	313
3455	299
3456	322
3457	327
3458	298
3459	321
3460	325
3461	313
3462	320
3463	267
3464	295
3465	308
3466	314
3467	347
3468	287
3469	324
3470	270
3471	321
3472	311
3473	288
3474	288
3475	306
3476	271
3477	308
3478	291
3479	332
3480	303
3481	257
3482	301
3483	291
3484	292
3485	267
3486	285
3487	285
3488	286
3489	298
3490	284
3491	271
3492	290
3493	260
3494	283
3495	232
3496	246
3497	271
3498	279
3499	263
3500	248
3501	275
3502	264
3503	246
3504	265
3505	258
3506	263
3507	250
3508	244
3509	278
3510	233
3511	267
3512	232
3513	246
3514	250
3515	258
3516	283
3517	254
3518	227
3519	252
3520	255
3521	242
3522	242
3523	223
3524	259
3525	234
3526	262
3527	271
3528	226
3529	215
3530	249
3531	239
3532	246
3533	218
3534	212
3535	227
3536	219
3537	203
3538	224
3539	248
3540	222
3541	231
3542	224
3543	212
3544	228
3545	234
3546	234
3547	214
3548	207
3549	202
3550	223
3551	207
3552	190
3553	181
3554	232
3555	210
3556	233
3557	225
3558	206
3559	207
3560	209
3561	223
3562	194
3563	191
3564	181
3565	196
3566	179
3567	212
3568	197
3569	220
3570	217
3571	186
3572	195
3573	192
3574	204
3575	192
3576	198
3577	186
3578	184
3579	183
3580	185
3581	198
3582	202
3583	156
3584	197
3585	201
3586	200
3587	199
3588	188
3589	182
3590	195
3591	186
3592	175
3593	175
3594	161
3595	162
3596	152
3597	164
3598	165
3599	150
3600	168
3601	174
3602	194
3603	159
3604	146
3605	161
3606	141
3607	149
3608	159
3609	171
3610	149
3611	186
3612	142
3613	145
3614	146
3615	164
3616	167
3617	148
3618	168
3619	130
3620	148
3621	155
3622	141
3623	154
3624	151
3625	138
3626	147
3627	168
3628	146
3629	145
3630	128
3631	144
3632	147
3633	136
3634	128
3635	142
3636	154
3637	142
3638	135
3639	122
3640	160
3641	140
3642	146
3643	143
3644	149
3645	132
3646	123
3647	160
3648	126
3649	135
3650	137
3651	125
3652	148
3653	116
3654	121
3655	132
3656	126
3657	112
3658	132
3659	128
3660	107
3661	111
3662	118
3663	104
3664	97
3665	139
3666	110
3667	118
3668	130
3669	113
3670	116
3671	122
3672	102
3673	116
3674	112
3675	113
3676	105
3677	106
3678	106
3679	100
3680	92
3681	110
3682	108
3683	96
3684	108
3685	96
3686	99
3687	92
3688	84
3689	103
3690	92
3691	101
3692	96
3693	87
3694	86
3695	90
3696	92
3697	85
3698	102
3699	81
3700	85
3701	79
3702	86
3703	85
3704	104
3705	84
3706	87
3707	85
3708	84
3709	92
3710	84
3711	83
3712	68
3713	85
3714	83
3715	60
3716	76
3717	93
3718	73
3719	79
3720	73
3721	60
3722	76
3723	92
3724	79
3725	79
3726	79
3727	75
3728	85
3729	72
3730	67
3731	73
3732	89
3733	73
3734	49
3735	73
3736	77
3737	78
3738	66
3739	63
3740	50
3741	69
3742	71
3743	66
3744	65
3745	59
3746	61
3747	62
3748	70
3749	62
3750	70
3751	53
3752	59
3753	59
3754	59
3755	50
3756	54
3757	52
3758	58
3759	62
3760	56
3761	49
3762	63
3763	59
3764	56
3765	51
3766	52
3767	55
3768	53
3769	41
3770	61
3771	44
3772	59
3773	50
3774	53
3775	29
3776	39
3777	58
3778	39
3779	50
3780	52
3781	42
3782	52
3783	41
3784	44
3785	38
3786	60
3787	30
3788	46
3789	53
3790	28
3791	43
3792	42
3793	33
3794	27
3795	41
3796	31
3797	38
3798	41
3799	29
3800	37
3801	37
3802	38
3803	35
3804	32
3805	35
3806	33
3807	35
3808	30
3809	34
3810	25
3811	35
3812	29
3813	27
3814	40
3815	29
3816	19
3817	34
3818	23
3819	21
3820	23
3821	30
3822	24
3823	28
3824	22
3825	25
3826	27
3827	26
3828	31
3829	23
3830	23
3831	20
3832	25
3833	24
3834	19
3835	30
3836	17
3837	23
3838	20
3839	19
3840	20
3841	17
3842	19
3843	15
3844	20
3845	20
3846	14
3847	12
3848	17
3849	12
3850	16
3851	14
3852	14
3853	13
3854	11
3855	5
3856	14
3857	17
3858	10
3859	12
3860	8
3861	10
3862	23
3863	15
3864	7
3865	13
3866	12
3867	21
3868	8
3869	16
3870	11
3871	11
3872	11
3873	9
3874	11
3875	10
3876	7
3877	7
3878	14
3879	8
3880	6
3881	9
3882	9
3883	12
3884	10
3885	5
3886	5
3887	4
3888	5
3889	7
3890	5
3891	7
3892	5
3893	2
3894	7
3895	4
3896	2
3897	1
3898	7
3899	6
3900	4
3901	1
3902	0
3903	6
3904	6
3905	5
3906	3
3907	6
3908	4
3909	5
3910	2
3911	5
3912	4
3913	0
3914	2
3915	0
3916	3
3917	4
3918	2
3919	1
3920	0
3921	0
3922	3
3923	0
3924	3
3925	2
3926	0
3927	2
3928	1
3929	2
3930	0
3931	0
3932	1
3933	0
3934	1
3935	2
3936	0
3937	1
3938	0
3939	0
3940	2
3941	1
3942	0
3943	0
3944	0
3945	0
3946	0
3947	0
3948	0
3949	0
3950	0
3951	0
3952	0
3953	0
3954	0
3955	0
3956	0
3957	0
3958	0
3959	0
3960	0
3961	0
3962	0
3963	0
3964	0
3965	0
3966	0
3967	0
3968	0
3969	0
3970	0
3971	0
3972	0
3973	0
3974	0
3975	0
3976	0
3977	0
3978	0
3979	0
3980	0
3981	0
3982	0
3983	0
3984	0
3985	0
3986	0
3987	0
3988	0
3989	0
3990	0
3991	0
3992	0
3993	0
3994	0
3995	0
3996	0
3997	0
3998	0
3999	0
4000	0
4001	0
4002	0
4003	0
4004	0
4005	0
4006	0
4007	0
4008	0
4009	0
4010	0
4011	0
4012	0
4013	0
4014	0
4015	0
4016	0
4017	0
4018	0
4019	0
4020	0
4021	0
4022	0
4023	0
4024	0
4025	0
4026	0
4027	0
4028	0
4029	0
4030	0
4031	0
4032	0
4033	0
4034	0
4035	0
4036	0
4037	0
4038	0
4039	0
4040	0
4041	0
4042	0
4043	0
4044	0
4045	0
4046	0
4047	0
4048	0
4049	0
4050	0
4051	0
4052	0
4053	0
4054	0
4055	0
4056	0
4057	0
4058	0
4059	0
4060	0
4061	0
4062	0
4063	0
4064	0
4065	0
4066	0
4067	0
4068	0
4069	0
4070	0
4071	0
4072	0
4073	0
4074	0
4075	0
4076	0
4077	0
4078	0
4079	0
4080	0
4081	0
4082	0
4083	0
4084	0
4085	0
4086	0
4087	0
4088	0
4089	0
4090	0
4091	0
4092	0
4093	0
4094	0
4095	0
4096	0
4097	0
4098	0
4099	0
4100	0
4101	0
4102	0
4103	0
4104	0
4105	0
4106	0
4107	0
4108	0
4109	0
4110	0
4111	0
4112	0
4113	0
4114	0
4115	0
4116	0
4117	0
4118	0
4119	0
4120	0
4121	0
4122	0
4123	0
4124	0
4125	0
4126	0
4127	0
4128	0
4129	0
4130	0
4131	0
4132	0
4133	0
4134	0
4135	0
4136	0
4137	0
4138	0
4139	0
4140	0
4141	0
4142	0
4143	0
4144	0
4145	0
4146	0
4147	0
4148	0
4149	0
4150	0
4151	0
4152	0
4153	0
4154	0
4155	0
4156	0
4157	0
4158	0
4159	0
4160	0
4161	0
4162	0
4163	0
4164	0
4165	0
4166	0
4167	0
4168	0
4169	0
4170	0
4171	0
4172	0
4173	0
4174	0
4175	0
4176	0
4177	0
4178	0
4179	0
4180	0
4181	0
4182	0
4183	0
4184	0
4185	0
4186	0
4187	0
4188	0
4189	0
4190	0
4191	0
4192	0
4193	0
4194	0
4195	0
4196	0
4197	0
4198	0
4199	0
4200	0
4201	0
4202	0
4203	0
4204	0
4205	0
4206	0
4207	0
4208	0
4209	0
4210	0
4211	0
4212	0
4213	0
4214	0
4215	0
4216	0
4217	0
4218	0
4219	0
4220	0
4221	0
4222	0
4223	0
4224	0
4225	0
4226	0
4227	0
4228	0
4229	0
4230	0
4231	0
4232	0
4233	0
4234	0
4235	0
4236	0
4237	0
4238	0
4239	0
4240	0
4241	0
4242	0
4243	0
4244	0
4245	0
4246	0
4247	0
4248	0
4249	0
4250	0
4251	0
4252	0
4253	0
4254	0
4255	0
4256	0
4257	0
4258	0
4259	0
4260	0
4261	0
4262	0
4263	0
4264	0
4265	0
4266	0
4267	0
4268	0
4269	0
4270	0
4271	0
4272	0
4273	0
4274	0
4275	0
4276	0
4277	0
4278	0
4279	0
4280	0
4281	0
4282	0
4283	0
4284	0
4285	0
4286	0
4287	0
4288	0
4289	0
4290	0
4291	0
4292	0
4293	0
4294	0
4295	0
4296	0
4297	0
4298	0
4299	0
4300	0
4301	0
4302	0
4303	0
4304	0
4305	0
4306	0
4307	0
4308	0
4309	0
4310	0
4311	0
4312	0
4313	0
4314	0
4315	0
4316	0
4317	0
4318	0
4319	0
4320	0
4321	0
4322	0
4323	0
4324	0
4325	0
4326	0
4327	0
4328	0
4329	0
4330	0
4331	0
4332	0
4333	0
4334	0
4335	0
4336	0
4337	0
4338	0
4339	0
4340	0
4341	0
4342	0
4343	0
4344	0
4345	0
4346	0
4347	0
4348	0
4349	0
4350	0
4351	0
4352	0
4353	0
4354	0
4355	0
4356	0
4357	0
4358	0
4359	0
4360	0
4361	0
4362	0
4363	0
4364	0
4365	0
4366	0
4367	0
4368	0
4369	0
4370	0
4371	0
4372	0
4373	0
4374	0
4375	0
4376	0
4377	0
4378	0
4379	0
4380	0
4381	0
4382	0
4383	0
4384	0
4385	0
4386	0
4387	0
4388	0
4389	0
4390	0
4391	0
4392	0
4393	0
4394	0
4395	0
4396	0
4397	0
4398	0
4399	0
4400	0
4401	0
4402	0
4403	0
4404	0
4405	0
4406	0
4407	0
4408	0
4409	0
4410	0
4411	0
4412	0
4413	0
4414	0
4415	0
4416	0
4417	0
4418	0
4419	0
4420	0
4421	0
4422	0
4423	0
4424	0
4425	0
4426	0
4427	0
4428	0
4429	0
4430	0
4431	0
4432	0
4433	0
4434	0
4435	0
4436	0
4437	0
4438	0
4439	0
4440	0
4441	0
4442	0
4443	0
4444	0
4445	0
4446	0
4447	0
4448	0
4449	0
4450	0
4451	0
4452	0
4453	0
4454	0
4455	0
4456	0
4457	0
4458	0
4459	0
4460	0
4461	0
4462	0
4463	0
4464	0
4465	0
4466	0
4467	0
4468	0
4469	0
4470	0
4471	0
4472	0
4473	0
4474	0
4475	0
4476	0
4477	0
4478	0
4479	0
4480	0
4481	0
4482	0
4483	0
4484	0
4485	0
4486	0
4487	0
4488	0
4489	0
4490	0
4491	0
4492	0
4493	0
4494	0
4495	0
4496	0
4497	0
4498	0
4499	0
4500	0
4501	0
4502	0
4503	0
4504	0
4505	0
4506	0
4507	0
4508	0
4509	0
4510	0
4511	0
4512	0
4513	0
4514	0
4515	0
4516	0
4517	0
4518	0
4519	0
4520	0
4521	0
4522	0
4523	0
4524	0
4525	0
4526	0
4527	0
4528	0
4529	0
4530	0
4531	0
4532	0
4533	0
4534	0
4535	0
4536	0
4537	0
4538	0
4539	0
4540	0
4541	0
4542	0
4543	0
4544	0
4545	0
4546	0
4547	0
4548	0
4549	0
4550	0
4551	0
4552	0
4553	0
4554	0
4555	0
4556	0
4557	0
4558	0
4559	0
4560	0
4561	0
4562	0
4563	0
4564	0
4565	0
4566	0
4567	0
4568	0
4569	0
4570	0
4571	0
4572	0
4573	0
4574	0
4575	0
4576	0
4577	0
4578	0
4579	0
4580	0
4581	0
4582	0
4583	0
4584	0
4585	0
4586	0
4587	0
4588	0
4589	0
4590	0
4591	0
4592	0
4593	0
4594	0
4595	0
4596	0
4597	0
4598	0
4599	0
4600	0
4601	0
4602	0
4603	0
4604	0
4605	0
4606	0
4607	0
4608	0
4609	0
4610	0
4611	0
4612	0
4613	0
4614	0
4615	0
4616	0
4617	0
4618	0
4619	0
4620	0
4621	0
4622	0
4623	0
4624	0
4625	0
4626	0
4627	1
4628	0
4629	0
4630	0
4631	0
4632	0
4633	1
4634	0
4635	0
4636	2
4637	1
4638	0
4639	2
4640	2
4641	2
4642	0
4643	2
4644	5
4645	0
4646	5
4647	9
4648	3
4649	13
4650	11
4651	13
4652	20
4653	21
4654	18
4655	22
4656	27
4657	46
4658	36
4659	36
4660	46
4661	51
4662	74
4663	84
4664	88
4665	100
4666	116
4667	138
4668	129
4669	173
4670	176
4671	199
4672	234
4673	258
4674	309
4675	291
4676	346
4677	399
4678	400
4679	501
4680	492
4681	586
4682	564
4683	712
4684	738
4685	722
4686	826
4687	923
4688	958
4689	1052
4690	1082
4691	1182
4692	1163
4693	1370
4694	1401
4695	1486
4696	1516
4697	1654
4698	1639
4699	1750
4700	1879
4701	1933
4702	2011
4703	2148
4704	2135
4705	2260
4706	2301
4707	2352
4708	2454
4709	2439
4710	2523
4711	2542
4712	2622
4713	2663
4714	2675
4715	2595
4716	2671
4717	2772
4718	2623
4719	2711
4720	2675
4721	2691
4722	2596
4723	2595
4724	2550
4725	2518
4726	2484
4727	2442
4728	2370
4729	2426
4730	2208
4731	2122
4732	2142
4733	2044
4734	1980
4735	1857
4736	1876
4737	1775
4738	1602
4739	1531
4740	1418
4741	1327
4742	1334
4743	1249
4744	1159
4745	1101
4746	1035
4747	971
4748	891
4749	774
4750	807
4751	677
4752	626
4753	602
4754	509
4755	507
4756	480
4757	382
4758	382
4759	358
4760	314
4761	289
4762	279
4763	230
4764	235
4765	194
4766	182
4767	144
4768	128
4769	125
4770	119
4771	86
4772	83
4773	70
4774	59
4775	61
4776	46
4777	47
4778	32
4779	22
4780	27
4781	19
4782	18
4783	28
4784	8
4785	7
4786	10
4787	11
4788	9
4789	5
4790	5
4791	5
4792	6
4793	1
4794	3
4795	0
4796	1
4797	1
4798	0
4799	1
4800	1
4801	2
4802	2
4803	0
4804	0
4805	1
4806	0
4807	0
4808	0
4809	0
4810	0
4811	0
4812	1
4813	0
4814	1
4815	0
4816	1
4817	0
4818	1
4819	1
4820	1
4821	2
4822	3
4823	3
4824	2
4825	0
4826	4
4827	2
4828	5
4829	8
4830	9
4831	11
4832	3
4833	16
4834	11
4835	18
4836	12
4837	24
4838	28
4839	34
4840	43
4841	31
4842	38
4843	59
4844	61
4845	80
4846	57
4847	86
4848	105
4849	91
4850	99
4851	121
4852	133
4853	163
4854	156
4855	162
4856	213
4857	188
4858	215
4859	235
4860	238
4861	295
4862	305
4863	346
4864	400
4865	407
4866	422
4867	489
4868	510
4869	539
4870	578
4871	598
4872	628
4873	732
4874	783
4875	765
4876	783
4877	756
4878	805
4879	866
4880	925
4881	906
4882	915
4883	922
4884	1001
4885	1108
4886	984
4887	1107
4888	1070
4889	1136
4890	1150
4891	1183
4892	1167
4893	1125
4894	1157
4895	1180
4896	1241
4897	1121
4898	1168
4899	1098
4900	1166
4901	1126
4902	1152
4903	1063
4904	1002
4905	1053
4906	975
4907	1033
4908	954
4909	864
4910	871
4911	877
4912	834
4913	827
4914	751
4915	704
4916	684
4917	638
4918	607
4919	613
4920	534
4921	531
4922	518
4923	503
4924	407
4925	394
4926	366
4927	381
4928	323
4929	284
4930	284
4931	237
4932	213
4933	206
4934	197
4935	170
4936	153
4937	148
4938	129
4939	115
4940	101
4941	104
4942	84
4943	76
4944	81
4945	63
4946	53
4947	57
4948	30
4949	34
4950	34
4951	28
4952	16
4953	20
4954	15
4955	16
4956	24
4957	13
4958	11
4959	8
4960	8
4961	5
4962	5
4963	0
4964	1
4965	6
4966	5
4967	2
4968	4
4969	3
4970	2
4971	2
4972	0
4973	1
4974	0
4975	1
4976	1
4977	0
4978	0
4979	0
4980	1
4981	0
4982	0
4983	0
4984	0
4985	0
4986	0
4987	0
4988	0
4989	0
4990	0
4991	0
4992	0
4993	0
4994	0
4995	0
4996	0
4997	0
4998	0
4999	0
5000	0
5001	0
5002	0
5003	0
5004	0
5005	0
5006	0
5007	0
5008	0
5009	0
5010	0
5011	0
5012	0
5013	0
5014	0
5015	0
5016	0
5017	0
5018	0
5019	0
5020	0
5021	0
5022	0
5023	0
5024	0
5025	0
5026	0
5027	0
5028	0
5029	0
5030	0
5031	0
5032	0
5033	0
5034	0
5035	0
5036	0
5037	0
5038	0
5039	0
5040	0
5041	0
5042	0
5043	0
5044	0
5045	0
5046	0
5047	0
5048	0
5049	0
5050	0
5051	0
5052	0
5053	0
5054	0
5055	0
5056	0
5057	0
5058	0
5059	0
5060	0
5061	0
5062	0
5063	0
5064	0
5065	0
5066	0
5067	0
5068	0
5069	0
5070	0
5071	0
5072	0
5073	0
5074	0
5075	0
5076	0
5077	0
5078	0
5079	0
5080	0
5081	0
5082	0
5083	0
5084	0
5085	0
5086	0
5087	0
5088	0
5089	0
5090	0
5091	0
5092	0
5093	0
5094	0
5095	0
5096	0
5097	0
5098	0
5099	0
5100	0
5101	0
5102	0
5103	0
5104	0
5105	0
5106	0
5107	0
5108	0
5109	0
5110	0
5111	0
5112	0
5113	0
5114	0
5115	0
5116	0
5117	0
5118	0
5119	0
5120	0
5121	0
5122	0
5123	0
5124	0
5125	0
5126	0
5127	0
5128	0
5129	0
5130	0
5131	0
5132	0
5133	0
5134	0
5135	0
5136	0
5137	0
5138	0
5139	0
5140	0
5141	0
5142	0
5143	0
5144	0
5145	0
5146	0
5147	0
5148	0
5149	0
5150	0
5151	0
5152	0
5153	0
5154	0
5155	0
5156	0
5157	0
5158	0
5159	0
5160	0
5161	0
5162	0
5163	0
5164	0
5165	0
5166	0
5167	0
5168	0
5169	0
5170	0
5171	0
5172	0
5173	0
5174	0
5175	0
5176	0
5177	0
5178	0
5179	0
5180	0
5181	0
5182	0
5183	0
5184	0
5185	0
5186	0
5187	0
5188	0
5189	0
5190	0
5191	0
5192	0
5193	0
5194	0
5195	0
5196	0
5197	0
5198	0
5199	0
5200	0
5201	0
5202	0
5203	0
5204	0
5205	0
5206	0
5207	0
5208	0
5209	0
5210	0
5211	0
5212	0
5213	0
5214	0
5215	0
5216	0
5217	0
5218	0
5219	0
5220	0
5221	0
5222	0
5223	0
5224	0
5225	0
5226	0
5227	0
5228	0
5229	0
5230	0
5231	0
5232	0
5233	0
5234	0
5235	0
5236	0
5237	0
5238	0
5239	0
5240	0
5241	0
5242	0
5243	0
5244	0
5245	0
5246	0
5247	0
5248	0
5249	0
5250	0
5251	0
5252	0
5253	0
5254	0
5255	0
5256	0
5257	0
5258	0
5259	0
5260	0
5261	0
5262	0
5263	0
5264	0
5265	0
5266	0
5267	0
5268	0
5269	0
5270	0
5271	0
5272	0
5273	0
5274	0
5275	0
5276	0
5277	0
5278	0
5279	0
5280	0
5281	0
5282	0
5283	0
5284	0
5285	0
5286	0
5287	0
5288	0
5289	0
5290	0
5291	0
5292	0
5293	0
5294	0
5295	0
5296	0
5297	0
5298	0
5299	0
5300	0
5301	0
5302	0
5303	0
5304	0
5305	0
5306	0
5307	0
5308	0
5309	0
5310	0
5311	0
5312	0
5313	0
5314	0
5315	0
5316	0
5317	0
5318	0
5319	0
5320	0
5321	0
5322	0
5323	0
5324	0
5325	0
5326	0
5327	0
5328	0
5329	0
5330	0
5331	0
5332	0
5333	0
5334	0
5335	0
5336	0
5337	0
5338	0
5339	0
5340	0
5341	0
5342	0
5343	0
5344	0
5345	0
5346	0
5347	0
5348	0
5349	0
5350	0
5351	0
5352	0
5353	0
5354	0
5355	0
5356	0
5357	0
5358	0
5359	0
5360	0
5361	0
5362	0
5363	0
5364	0
5365	0
5366	0
5367	0
5368	0
5369	0
5370	0
5371	0
5372	0
5373	0
5374	0
5375	0
5376	0
5377	0
5378	0
5379	0
5380	0
5381	0
5382	0
5383	0
5384	0
5385	0
5386	0
5387	0
5388	0
5389	0
5390	0
5391	0
5392	0
5393	0
5394	0
5395	0
5396	0
5397	0
5398	0
5399	0
5400	0
5401	0
5402	0
5403	0
5404	0
5405	0
5406	0
5407	0
5408	0
5409	0
5410	0
5411	0
5412	0
5413	0
5414	0
5415	0
5416	0
5417	0
5418	0
5419	0
5420	0
5421	0
5422	0
5423	0
5424	0
5425	0
5426	0
5427	0
5428	0
5429	0
5430	0
5431	0
5432	0
5433	0
5434	0
5435	0
5436	0
5437	0
5438	0
5439	0
5440	0
5441	0
5442	0
5443	0
5444	0
5445	0
5446	0
5447	0
5448	0
5449	0
5450	0
5451	0
5452	0
5453	0
5454	0
5455	0
5456	0
5457	0
5458	0
5459	0
5460	0
5461	0
5462	0
5463	0
5464	0
5465	0
5466	0
5467	0
5468	0
5469	0
5470	0
5471	0
5472	0
5473	0
5474	0
5475	0
5476	0
5477	0
5478	0
5479	0
5480	0
5481	0
5482	0
5483	0
5484	0
5485	0
5486	0
5487	0
5488	0
5489	0
5490	0
5491	0
5492	0
5493	0
5494	0
5495	0
5496	0
5497	0
5498	0
5499	0
5500	0
5501	0
5502	0
5503	0
5504	0
5505	0
5506	0
5507	0
5508	0
5509	0
5510	0
5511	0
5512	0
5513	0
5514	0
5515	0
5516	0
5517	0
5518	0
5519	0
5520	0
5521	0
5522	0
5523	0
5524	0
5525	0
5526	0
5527	0
5528	0
5529	0
5530	0
5531	0
5532	0
5533	0
5534	0
5535	0
5536	0
5537	0
5538	0
5539	0
5540	0
5541	0
5542	0
5543	0
5544	0
5545	0
5546	0
5547	0
5548	0
5549	0
5550	0
5551	0
5552	0
5553	0
5554	0
5555	0
5556	0
5557	0
5558	0
5559	0
5560	0
5561	0
5562	0
5563	0
5564	0
5565	0
5566	0
5567	0
5568	0
5569	0
5570	0
5571	0
5572	0
5573	0
5574	0
5575	0
5576	0
5577	0
5578	0
5579	0
5580	0
5581	0
5582	0
5583	0
5584	0
5585	0
5586	0
5587	0
5588	0
5589	0
5590	0
5591	0
5592	0
5593	0
5594	0
5595	0
5596	0
5597	0
5598	0
5599	0
5600	0
5601	0
5602	0
5603	0
5604	0
5605	0
5606	0
5607	0
5608	0
5609	0
5610	0
5611	0
5612	0
5613	0
5614	0
5615	0
5616	0
5617	0
5618	0
5619	0
5620	0
5621	0
5622	0
5623	0
5624	0
5625	0
5626	0
5627	0
5628	0
5629	0
5630	0
5631	0
5632	0
5633	0
5634	0
5635	0
5636	0
5637	0
5638	0
5639	0
5640	0
5641	0
5642	0
5643	0
5644	0
5645	0
5646	0
5647	0
5648	0
5649	0
5650	0
5651	0
5652	0
5653	0
5654	0
5655	0
5656	0
5657	0
5658	0
5659	0
5660	0
5661	0
5662	0
5663	0
5664	0
5665	0
5666	0
5667	0
5668	0
5669	0
5670	0
5671	0
5672	0
5673	0
5674	0
5675	0
5676	0
5677	0
5678	0
5679	0
5680	0
5681	0
5682	0
5683	0
5684	0
5685	0
5686	0
5687	0
5688	0
5689	0
5690	0
5691	0
5692	0
5693	0
5694	0
5695	0
5696	0
5697	0
5698	0
5699	0
5700	0
5701	0
5702	0
5703	0
5704	0
5705	0
5706	0
5707	0
5708	0
5709	0
5710	0
5711	0
5712	0
5713	0
5714	0
5715	0
5716	0
5717	0
5718	0
5719	0
5720	0
5721	0
5722	0
5723	0
5724	0
5725	0
5726	0
5727	0
5728	0
5729	0
5730	0
5731	0
5732	0
5733	0
5734	0
5735	0
5736	0
5737	0
5738	0
5739	0
5740	0
5741	0
5742	0
5743	0
5744	0
5745	0
5746	0
5747	0
5748	0
5749	0
5750	0
5751	0
5752	0
5753	0
5754	0
5755	0
5756	0
5757	0
5758	0
5759	0
5760	0
5761	0
5762	0
5763	0
5764	0
5765	0
5766	0
5767	0
5768	0
5769	0
5770	0
5771	0
5772	0
5773	0
5774	0
5775	0
5776	0
5777	0
5778	0
5779	0
5780	0
5781	0
5782	0
5783	0
5784	0
5785	0
5786	0
5787	0
5788	0
5789	0
5790	0
5791	0
5792	0
5793	0
5794	0
5795	0
5796	0
5797	0
5798	0
5799	0
5800	0
5801	0
5802	0
5803	0
5804	0
5805	0
5806	0
5807	0
5808	0
5809	0
5810	0
5811	0
5812	0
5813	0
5814	0
5815	0
5816	0
5817	0
5818	0
5819	0
5820	0
5821	0
5822	0
5823	0
5824	0
5825	0
5826	0
5827	0
5828	0
5829	0
5830	0
5831	0
5832	0
5833	0
5834	0
5835	0
5836	0
5837	0
5838	0
5839	0
5840	0
5841	0
5842	0
5843	0
5844	0
5845	0
5846	0
5847	0
5848	0
5849	0
5850	0
5851	0
5852	0
5853	0
5854	0
5855	0
5856	0
5857	0
5858	0
5859	0
5860	0
5861	0
5862	0
5863	0
5864	0
5865	0
5866	0
5867	0
5868	0
5869	0
5870	0
5871	0
5872	0
5873	0
5874	0
5875	0
5876	0
5877	0
5878	0
5879	0
5880	0
5881	0
5882	0
5883	0
5884	0
5885	0
5886	0
5887	0
5888	0
5889	0
5890	0
5891	0
5892	0
5893	0
5894	0
5895	0
5896	0
5897	0
5898	0
5899	0
5900	0
5901	0
5902	0
5903	0
5904	0
5905	0
5906	0
5907	0
5908	0
5909	0
5910	0
5911	0
5912	0
5913	0
5914	0
5915	0
5916	0
5917	0
5918	0
5919	0
5920	0
5921	0
5922	0
5923	0
5924	0
5925	0
5926	0
5927	0
5928	0
5929	0
5930	0
5931	0
5932	0
5933	0
5934	0
5935	0
5936	0
5937	0
5938	0
5939	0
5940	0
5941	0
5942	0
5943	0
5944	0
5945	0
5946	0
5947	0
5948	0
5949	0
5950	0
5951	0
5952	0
5953	0
5954	0
5955	0
5956	0
5957	0
5958	0
5959	0
5960	0
5961	0
5962	0
5963	0
5964	0
5965	0
5966	0
5967	0
5968	0
5969	0
5970	0
5971	0
5972	0
5973	0
5974	0
5975	0
5976	0
5977	0
5978	0
5979	0
5980	0
5981	0
5982	0
5983	0
5984	0
5985	0
5986	0
5987	0
5988	0
5989	0
5990	0
5991	0
5992	0
5993	0
5994	0
5995	0
5996	0
5997	0
5998	0
5999	0
6000	0
6001	0
6002	0
6003	0
6004	0
6005	0
6006	0
6007	0
6008	0
6009	0
6010	0
6011	0
6012	0
6013	0
6014	0
6015	0
6016	0
6017	0
6018	0
6019	0
6020	0
6021	0
6022	0
6023	0
6024	0
6025	0
6026	0
6027	0
6028	0
6029	0
6030	0
6031	0
6032	0
6033	0
6034	0
6035	0
6036	0
6037	0
6038	0
6039	0
6040	0
6041	0
6042	0
6043	0
6044	0
6045	0
6046	0
6047	0
6048	0
6049	0
6050	0
6051	0
6052	0
6053	0
6054	0
6055	0
6056	0
6057	0
6058	0
6059	0
6060	0
6061	0
6062	0
6063	0
6064	0
6065	0
6066	0
6067	0
6068	0
6069	0
6070	0
6071	0
6072	0
6073	0
6074	0
6075	0
6076	0
6077	0
6078	0
6079	0
6080	0
6081	0
6082	0
6083	0
6084	0
6085	0
6086	0
6087	0
6088	0
6089	0
6090	0
6091	0
6092	0
6093	0
6094	0
6095	0
6096	0
6097	0
6098	0
6099	0
6100	0
6101	0
6102	0
6103	0
6104	0
6105	0
6106	0
6107	0
6108	0
6109	0
6110	0
6111	0
6112	0
6113	0
6114	0
6115	0
6116	0
6117	0
6118	0
6119	0
6120	0
6121	0
6122	0
6123	0
6124	0
6125	0
6126	0
6127	0
6128	0
6129	0
6130	0
6131	0
6132	0
6133	0
6134	0
6135	0
6136	0
6137	0
6138	0
6139	0
6140	0
6141	0
6142	0
6143	0
6144	0
6145	0
6146	0
6147	0
6148	0
6149	0
6150	0
6151	0
6152	0
6153	0
6154	0
6155	0
6156	0
6157	0
6158	0
6159	0
6160	0
6161	0
6162	0
6163	0
6164	0
6165	0
6166	0
6167	0
6168	0
6169	0
6170	0
6171	0
6172	0
6173	0
6174	0
6175	0
6176	0
6177	0
6178	0
6179	0
6180	0
6181	0
6182	0
6183	0
6184	0
6185	0
6186	0
6187	0
6188	0
6189	0
6190	0
6191	0
6192	0
6193	0
6194	0
6195	0
6196	0
6197	0
6198	0
6199	0
6200	0
6201	0
6202	0
6203	0
6204	0
6205	0
6206	0
6207	0
6208	0
6209	0
6210	0
6211	0
6212	0
6213	0
6214	0
6215	0
6216	0
6217	0
6218	0
6219	0
6220	0
6221	0
6222	0
6223	0
6224	0
6225	0
6226	0
6227	0
6228	0
6229	0
6230	0
6231	0
6232	0
6233	0
6234	0
6235	0
6236	0
6237	0
6238	0
6239	0
6240	0
6241	0
6242	0
6243	0
6244	0
6245	0
6246	0
6247	0
6248	0
6249	0
6250	0
6251	0
6252	0
6253	0
6254	0
6255	0
6256	0
6257	0
6258	0
6259	0
6260	0
6261	0
6262	0
6263	0
6264	0
6265	0
6266	0
6267	0
6268	0
6269	0
6270	0
6271	0
6272	0
6273	0
6274	0
6275	0
6276	0
6277	0
6278	0
6279	0
6280	0
6281	0
6282	0
6283	0
6284	0
6285	0
6286	0
6287	0
6288	0
6289	0
6290	0
6291	0
6292	0
6293	0
6294	0
6295	0
6296	0
6297	0
6298	0
6299	0
6300	0
6301	0
6302	0
6303	0
6304	0
6305	0
6306	0
6307	0
6308	0
6309	0
6310	0
6311	0
6312	0
6313	0
6314	0
6315	0
6316	0
6317	0
6318	0
6319	0
6320	0
6321	0
6322	0
6323	0
6324	0
6325	0
6326	0
6327	0
6328	0
6329	0
6330	0
6331	0
6332	0
6333	0
6334	0
6335	0
6336	0
6337	0
6338	0
6339	0
6340	0
6341	0
6342	0
6343	0
6344	0
6345	0
6346	0
6347	0
6348	0
6349	0
6350	0
6351	0
6352	0
6353	0
6354	0
6355	0
6356	0
6357	0
6358	0
6359	0
6360	0
6361	0
6362	0
6363	0
6364	0
6365	0
6366	0
6367	0
6368	0
6369	0
6370	0
6371	0
6372	0
6373	0
6374	0
6375	0
6376	0
6377	0
6378	0
6379	0
6380	0
6381	0
6382	0
6383	0
6384	0
6385	0
6386	0
6387	0
6388	0
6389	0
6390	0
6391	0
6392	0
6393	0
6394	0
6395	0
6396	0
6397	0
6398	0
6399	0
6400	0
6401	0
6402	0
6403	0
6404	0
6405	0
6406	0
6407	0
6408	0
6409	0
6410	0
6411	0
6412	0
6413	0
6414	0
6415	0
6416	0
6417	0
6418	0
6419	0
6420	0
6421	0
6422	0
6423	0
6424	0
6425	0
6426	0
6427	0
6428	0
6429	0
6430	0
6431	0
6432	0
6433	0
6434	0
6435	0
6436	0
6437	0
6438	0
6439	0
6440	0
6441	0
6442	0
6443	0
6444	0
6445	0
6446	0
6447	0
6448	0
6449	0
6450	0
6451	0
6452	0
6453	0
6454	0
6455	0
6456	0
6457	0
6458	0
6459	0
6460	0
6461	0
6462	0
6463	0
6464	0
6465	0
6466	0
6467	0
6468	0
6469	0
6470	0
6471	0
6472	0
6473	0
6474	0
6475	0
6476	0
6477	0
6478	0
6479	0
6480	0
6481	0
6482	0
6483	0
6484	0
6485	0
6486	0
6487	0
6488	0
6489	0
6490	0
6491	0
6492	0
6493	0
6494	0
6495	0
6496	0
6497	0
6498	0
6499	0
6500	0
6501	0
6502	0
6503	0
6504	0
6505	0
6506	0
6507	0
6508	0
6509	0
6510	0
6511	0
6512	0
6513	0
6514	0
6515	0
6516	0
6517	0
6518	0
6519	0
6520	0
6521	0
6522	0
6523	0
6524	0
6525	0
6526	0
6527	0
6528	0
6529	0
6530	0
6531	0
6532	0
6533	0
6534	0
6535	0
6536	0
6537	0
6538	0
6539	0
6540	0
6541	0
6542	0
6543	0
6544	0
6545	0
6546	0
6547	0
6548	0
6549	0
6550	0
6551	0
6552	0
6553	0
6554	0
6555	0
6556	0
6557	0
6558	0
6559	0
6560	0
6561	0
6562	0
6563	0
6564	0
6565	0
6566	0
6567	0
6568	0
6569	0
6570	0
6571	0
6572	0
6573	0
6574	0
6575	0
6576	0
6577	0
6578	0
6579	0
6580	0
6581	0
6582	0
6583	0
6584	0
6585	0
6586	0
6587	0
6588	0
6589	0
6590	0
6591	0
6592	0
6593	0
6594	0
6595	0
6596	0
6597	0
6598	0
6599	0
6600	0
6601	0
6602	0
6603	0
6604	0
6605	0
6606	0
6607	0
6608	0
6609	0
6610	0
6611	0
6612	0
6613	0
6614	0
6615	0
6616	0
6617	0
6618	0
6619	0
6620	0
6621	0
6622	0
6623	0
6624	0
6625	0
6626	0
6627	0
6628	0
6629	0
6630	0
6631	0
6632	0
6633	0
6634	0
6635	0
6636	0
6637	0
6638	0
6639	0
6640	0
6641	0
6642	0
6643	0
6644	0
6645	0
6646	0
6647	0
6648	0
6649	0
6650	0
6651	0
6652	0
6653	0
6654	0
6655	0
6656	0
6657	0
6658	0
6659	0
6660	0
6661	0
6662	0
6663	0
6664	0
6665	0
6666	0
6667	0
6668	0
6669	0
6670	0
6671	0
6672	0
6673	0
6674	0
6675	0
6676	0
6677	0
6678	0
6679	0
6680	0
6681	0
6682	0
6683	0
6684	0
6685	0
6686	0
6687	0
6688	0
6689	0
6690	0
6691	0
6692	0
6693	0
6694	0
6695	0
6696	0
6697	0
6698	0
6699	0
6700	0
6701	0
6702	0
6703	0
6704	0
6705	0
6706	0
6707	0
6708	0
6709	0
6710	0
6711	0
6712	0
6713	0
6714	0
6715	0
6716	0
6717	0
6718	0
6719	0
6720	0
6721	0
6722	0
6723	0
6724	0
6725	0
6726	0
6727	0
6728	0
6729	0
6730	0
6731	0
6732	0
6733	0
6734	0
6735	0
6736	0
6737	0
6738	0
6739	0
6740	0
6741	0
6742	0
6743	0
6744	0
6745	0
6746	0
6747	0
6748	0
6749	0
6750	0
6751	0
6752	0
6753	0
6754	0
6755	0
6756	0
6757	0
6758	0
6759	0
6760	0
6761	0
6762	0
6763	0
6764	0
6765	0
6766	0
6767	0
6768	0
6769	0
6770	0
6771	0
6772	0
6773	0
6774	0
6775	0
6776	0
6777	0
6778	0
6779	0
6780	0
6781	0
6782	0
6783	0
6784	0
6785	0
6786	0
6787	0
6788	0
6789	0
6790	0
6791	0
6792	0
6793	0
6794	0
6795	0
6796	0
6797	0
6798	0
6799	0
6800	0
6801	0
6802	0
6803	0
6804	0
6805	0
6806	0
6807	0
6808	0
6809	0
6810	0
6811	0
6812	0
6813	0
6814	0
6815	0
6816	0
6817	0
6818	0
6819	0
6820	0
6821	0
6822	0
6823	0
6824	0
6825	0
6826	0
6827	0
6828	0
6829	0
6830	0
6831	0
6832	0
6833	0
6834	0
6835	0
6836	0
6837	0
6838	0
6839	0
6840	0
6841	0
6842	0
6843	0
6844	0
6845	0
6846	0
6847	0
6848	0
6849	0
6850	0
6851	0
6852	0
6853	0
6854	0
6855	0
6856	0
6857	0
6858	0
6859	0
6860	0
6861	0
6862	0
6863	0
6864	0
6865	0
6866	0
6867	0
6868	0
6869	0
6870	0
6871	0
6872	0
6873	0
6874	0
6875	0
6876	0
6877	0
6878	0
6879	0
6880	0
6881	0
6882	0
6883	0
6884	0
6885	0
6886	0
6887	0
6888	0
6889	0
6890	0
6891	0
6892	0
6893	0
6894	0
6895	0
6896	0
6897	0
6898	0
6899	0
6900	0
6901	0
6902	0
6903	0
6904	0
6905	0
6906	0
6907	0
6908	0
6909	0
6910	0
6911	0
6912	0
6913	0
6914	0
6915	0
6916	0
6917	0
6918	0
6919	0
6920	0
6921	0
6922	0
6923	0
6924	0
6925	0
6926	0
6927	0
6928	0
6929	0
6930	0
6931	0
6932	0
6933	0
6934	0
6935	0
6936	0
6937	0
6938	0
6939	0
6940	0
6941	0
6942	0
6943	0
6944	0
6945	0
6946	0
6947	0
6948	0
6949	0
6950	0
6951	0
6952	0
6953	0
6954	0
6955	0
6956	0
6957	0
6958	0
6959	0
6960	0
6961	0
6962	0
6963	0
6964	0
6965	0
6966	0
6967	0
6968	0
6969	0
6970	0
6971	0
6972	0
6973	0
6974	0
6975	0
6976	0
6977	0
6978	0
6979	0
6980	0
6981	0
6982	0
6983	0
6984	0
6985	0
6986	0
6987	0
6988	0
6989	0
6990	0
6991	0
6992	0
6993	0
6994	0
6995	0
6996	0
6997	0
6998	0
6999	0
7000	0
7001	0
7002	0
7003	0
7004	0
7005	0
7006	0
7007	0
7008	0
7009	0
7010	0
7011	0
7012	0
7013	0
7014	0
7015	0
7016	0
7017	0
7018	0
7019	0
7020	0
7021	0
7022	0
7023	0
7024	0
7025	0
7026	0
7027	0
7028	0
7029	0
7030	0
7031	0
7032	0
7033	0
7034	0
7035	0
7036	0
7037	0
7038	0
7039	0
7040	0
7041	0
7042	0
7043	0
7044	0
7045	0
7046	0
7047	0
7048	0
7049	0
7050	0
7051	0
7052	0
7053	0
7054	0
7055	0
7056	0
7057	0
7058	0
7059	0
7060	0
7061	0
7062	0
7063	0
7064	0
7065	0
7066	0
7067	0
7068	0
7069	0
7070	0
7071	0
7072	0
7073	0
7074	0
7075	0
7076	0
7077	0
7078	0
7079	0
7080	0
7081	0
7082	0
7083	0
7084	0
7085	0
7086	0
7087	0
7088	0
7089	0
7090	0
7091	0
7092	0
7093	0
7094	0
7095	0
7096	0
7097	0
7098	0
7099	0
7100	0
7101	0
7102	0
7103	0
7104	0
7105	0
7106	0
7107	0
7108	0
7109	0
7110	0
7111	0
7112	0
7113	0
7114	0
7115	0
7116	0
7117	0
7118	0
7119	0
7120	0
7121	0
7122	0
7123	0
7124	0
7125	0
7126	0
7127	0
7128	0
7129	0
7130	0
7131	0
7132	0
7133	0
7134	0
7135	0
7136	0
7137	0
7138	0
7139	0
7140	0
7141	0
7142	0
7143	0
7144	0
7145	0
7146	0
7147	0
7148	0
7149	0
7150	0
7151	0
7152	0
7153	0
7154	0
7155	0
7156	0
7157	0
7158	0
7159	0
7160	0
7161	0
7162	0
7163	0
7164	0
7165	0
7166	0
7167	0
7168	0
7169	0
7170	0
7171	0
7172	0
7173	0
7174	0
7175	0
7176	0
7177	0
7178	0
7179	0
7180	0
7181	0
7182	0
7183	0
7184	0
7185	0
7186	0
7187	0
7188	0
7189	0
7190	0
7191	0
7192	0
7193	0
7194	0
7195	0
7196	0
7197	0
7198	0
7199	0
7200	0
7201	0
7202	0
7203	0
7204	0
7205	0
7206	0
7207	0
7208	0
7209	0
7210	0
7211	0
7212	0
7213	0
7214	0
7215	0
7216	0
7217	0
7218	0
7219	0
7220	0
7221	0
7222	0
7223	0
7224	0
7225	0
7226	0
7227	0
7228	0
7229	0
7230	0
7231	0
7232	0
7233	0
7234	0
7235	0
7236	0
7237	0
7238	0
7239	0
7240	0
7241	0
7242	0
7243	0
7244	0
7245	0
7246	0
7247	0
7248	0
7249	0
7250	0
7251	0
7252	0
7253	0
7254	0
7255	0
7256	0
7257	0
7258	0
7259	0
7260	0
7261	0
7262	0
7263	0
7264	0
7265	0
7266	0
7267	0
7268	0
7269	0
7270	0
7271	0
7272	0
7273	0
7274	0
7275	0
7276	0
7277	0
7278	0
7279	0
7280	0
7281	0
7282	0
7283	0
7284	0
7285	0
7286	0
7287	0
7288	0
7289	0
7290	0
7291	0
7292	0
7293	0
7294	0
7295	0
7296	0
7297	0
7298	0
7299	0
7300	0
7301	0
7302	0
7303	0
7304	0
7305	0
7306	0
7307	0
7308	0
7309	0
7310	0
7311	0
7312	0
7313	0
7314	0
7315	0
7316	0
7317	0
7318	0
7319	0
7320	0
7321	0
7322	0
7323	0
7324	0
7325	0
7326	0
7327	0
7328	0
7329	0
7330	0
7331	0
7332	0
7333	0
7334	0
7335	0
7336	0
7337	0
7338	0
7339	0
7340	0
7341	0
7342	0
7343	0
7344	0
7345	0
7346	0
7347	0
7348	0
7349	0
7350	0
7351	0
7352	0
7353	0
7354	0
7355	0
7356	0
7357	0
7358	0
7359	0
7360	0
7361	0
7362	0
7363	0
7364	0
7365	0
7366	0
7367	0
7368	0
7369	0
7370	0
7371	0
7372	0
7373	0
7374	0
7375	0
7376	0
7377	0
7378	0
7379	0
7380	0
7381	0
7382	0
7383	0
7384	0
7385	0
7386	0
7387	0
7388	0
7389	0
7390	0
7391	0
7392	0
7393	0
7394	0
7395	0
7396	0
7397	0
7398	0
7399	0
7400	0
7401	0
7402	0
7403	0
7404	0
7405	0
7406	0
7407	0
7408	0
7409	0
7410	0
7411	0
7412	0
7413	0
7414	0
7415	0
7416	0
7417	0
7418	0
7419	0
7420	0
7421	0
7422	0
7423	0
7424	0
7425	0
7426	0
7427	0
7428	0
7429	0
7430	0
7431	0
7432	0
7433	0
7434	0
7435	0
7436	0
7437	0
7438	0
7439	0
7440	0
7441	0
7442	0
7443	0
7444	0
7445	0
7446	0
7447	0
7448	0
7449	0
7450	0
7451	0
7452	0
7453	0
7454	0
7455	0
7456	0
7457	0
7458	0
7459	0
7460	0
7461	0
7462	0
7463	0
7464	0
7465	0
7466	0
7467	0
7468	0
7469	0
7470	0
7471	0
7472	0
7473	0
7474	0
7475	0
7476	0
7477	0
7478	0
7479	0
7480	0
7481	0
7482	0
7483	0
7484	0
7485	0
7486	0
7487	0
7488	0
7489	0
7490	0
7491	0
7492	0
7493	0
7494	0
7495	0
7496	0
7497	0
7498	0
7499	0
7500	0
7501	0
7502	0
7503	0
7504	0
7505	0
7506	0
7507	0
7508	0
7509	0
7510	0
7511	0
7512	0
7513	0
7514	0
7515	0
7516	0
7517	0
7518	0
7519	0
7520	0
7521	0
7522	0
7523	0
7524	0
7525	0
7526	0
7527	0
7528	0
7529	0
7530	0
7531	0
7532	0
7533	0
7534	0
7535	0
7536	0
7537	0
7538	0
7539	0
7540	0
7541	0
7542	0
7543	0
7544	0
7545	0
7546	0
7547	0
7548	0
7549	0
7550	0
7551	0
7552	0
7553	0
7554	0
7555	0
7556	0
7557	0
7558	0
7559	0
7560	0
7561	0
7562	0
7563	0
7564	0
7565	0
7566	0
7567	0
7568	0
7569	0
7570	0
7571	0
7572	0
7573	0
7574	0
7575	0
7576	0
7577	0
7578	0
7579	0
7580	0
7581	0
7582	0
7583	0
7584	0
7585	0
7586	0
7587	0
7588	0
7589	0
7590	0
7591	0
7592	0
7593	0
7594	0
7595	0
7596	0
7597	0
7598	0
7599	0
7600	0
7601	0
7602	0
7603	0
7604	0
7605	0
7606	0
7607	0
7608	0
7609	0
7610	0
7611	0
7612	0
7613	0
7614	0
7615	0
7616	0
7617	0
7618	0
7619	0
7620	0
7621	0
7622	0
7623	0
7624	0
7625	0
7626	0
7627	0
7628	0
7629	0
7630	0
7631	0
7632	0
7633	0
7634	0
7635	0
7636	0
7637	0
7638	0
7639	0
7640	0
7641	0
7642	0
7643	0
7644	0
7645	0
7646	0
7647	0
7648	0
7649	0
7650	0
7651	0
7652	0
7653	0
7654	0
7655	0
7656	0
7657	0
7658	0
7659	0
7660	0
7661	0
7662	0
7663	0
7664	0
7665	0
7666	0
7667	0
7668	0
7669	0
7670	0
7671	0
7672	0
7673	0
7674	0
7675	0
7676	0
7677	0
7678	0
7679	0
7680	0
7681	0
7682	0
7683	0
7684	0
7685	0
7686	0
7687	0
7688	0
7689	0
7690	0
7691	0
7692	0
7693	0
7694	0
7695	0
7696	0
7697	0
7698	0
7699	0
7700	0
7701	0
7702	0
7703	0
7704	0
7705	0
7706	0
7707	0
7708	0
7709	0
7710	0
7711	0
7712	0
7713	0
7714	0
7715	0
7716	0
7717	0
7718	0
7719	0
7720	0
7721	0
7722	0
7723	0
7724	0
7725	0
7726	0
7727	0
7728	0
7729	0
7730	0
7731	0
7732	0
7733	0
7734	0
7735	0
7736	0
7737	0
7738	0
7739	0
7740	0
7741	0
7742	0
7743	0
7744	0
7745	0
7746	0
7747	0
7748	0
7749	0
7750	0
7751	0
7752	0
7753	0
7754	0
7755	0
7756	0
7757	0
7758	0
7759	0
7760	0
7761	0
7762	0
7763	0
7764	0
7765	0
7766	0
7767	0
7768	0
7769	0
7770	0
7771	0
7772	0
7773	0
7774	0
7775	0
7776	0
7777	0
7778	0
7779	0
7780	0
7781	0
7782	0
7783	0
7784	0
7785	0
7786	0
7787	0
7788	0
7789	0
7790	0
7791	0
7792	0
7793	0
7794	0
7795	0
7796	0
7797	0
7798	0
7799	0
7800	0
7801	0
7802	0
7803	0
7804	0
7805	0
7806	0
7807	0
7808	0
7809	0
7810	0
7811	0
7812	0
7813	0
7814	0
7815	0
7816	0
7817	0
7818	0
7819	0
7820	0
7821	0
7822	0
7823	0
7824	0
7825	0
7826	0
7827	0
7828	0
7829	0
7830	0
7831	0
7832	0
7833	0
7834	0
7835	0
7836	0
7837	0
7838	0
7839	0
7840	0
7841	0
7842	0
7843	0
7844	0
7845	0
7846	0
7847	0
7848	0
7849	0
7850	0
7851	0
7852	0
7853	0
7854	0
7855	0
7856	0
7857	0
7858	0
7859	0
7860	0
7861	0
7862	0
7863	0
7864	0
7865	0
7866	0
7867	0
7868	0
7869	0
7870	0
7871	0
7872	0
7873	0
7874	0
7875	0
7876	0
7877	0
7878	0
7879	0
7880	0
7881	0
7882	0
7883	0
7884	0
7885	0
7886	0
7887	0
7888	0
7889	0
7890	0
7891	0
7892	0
7893	0
7894	0
7895	0
7896	0
7897	0
7898	0
7899	0
7900	0
7901	0
7902	0
7903	0
7904	0
7905	0
7906	0
7907	0
7908	0
7909	0
7910	0
7911	0
7912	0
7913	0
7914	0
7915	0
7916	0
7917	0
7918	0
7919	0
7920	0
7921	0
7922	0
7923	0
7924	0
7925	0
7926	0
7927	0
7928	0
7929	0
7930	0
7931	0
7932	0
7933	0
7934	0
7935	0
7936	0
7937	0
7938	0
7939	0
7940	0
7941	0
7942	0
7943	0
7944	0
7945	0
7946	0
7947	0
7948	0
7949	0
7950	0
7951	0
7952	0
7953	0
7954	0
7955	0
7956	0
7957	0
7958	0
7959	0
7960	0
7961	0
7962	0
7963	0
7964	0
7965	0
7966	0
7967	0
7968	0
7969	0
7970	0
7971	0
7972	0
7973	0
7974	0
7975	0
7976	0
7977	0
7978	0
7979	0
7980	0
7981	0
7982	0
7983	0
7984	0
7985	0
7986	0
7987	0
7988	0
7989	0
7990	0
7991	0
7992	0
7993	0
7994	0
7995	0
7996	0
7997	0
7998	0
7999	0
8000	0
8001	0
8002	0
8003	0
8004	0
8005	0
8006	0
8007	0
8008	0
8009	0
8010	0
8011	0
8012	0
8013	0
8014	0
8015	0
8016	0
8017	0
8018	0
8019	0
8020	0
8021	0
8022	0
8023	0
8024	0
8025	0
8026	0
8027	0
8028	0
8029	0
8030	0
8031	0
8032	0
8033	0
8034	0
8035	0
8036	0
8037	0
8038	0
8039	0
8040	0
8041	0
8042	0
8043	0
8044	0
8045	0
8046	0
8047	0
8048	0
8049	0
8050	0
8051	0
8052	0
8053	0
8054	0
8055	0
8056	0
8057	0
8058	0
8059	0
8060	0
8061	0
8062	0
8063	0
8064	0
8065	0
8066	0
8067	0
8068	0
8069	0
8070	0
8071	0
8072	0
8073	0
8074	0
8075	0
8076	0
8077	0
8078	0
8079	0
8080	0
8081	0
8082	0
8083	0
8084	0
8085	0
8086	0
8087	0
8088	0
8089	0
8090	0
8091	0
8092	0
8093	0
8094	0
8095	0
8096	0
8097	0
8098	0
8099	0
8100	0
8101	0
8102	0
8103	0
8104	0
8105	0
8106	0
8107	0
8108	0
8109	0
8110	0
8111	0
8112	0
8113	0
8114	0
8115	0
8116	0
8117	0
8118	0
8119	0
8120	0
8121	0
8122	0
8123	0
8124	0
8125	0
8126	0
8127	0
8128	0
8129	0
8130	0
8131	0
8132	0
8133	0
8134	0
8135	0
8136	0
8137	0
8138	0
8139	0
8140	0
8141	0
8142	0
8143	0
8144	0
8145	0
8146	0
8147	0
8148	0
8149	0
8150	0
8151	0
8152	0
8153	0
8154	0
8155	0
8156	0
8157	0
8158	0
8159	0
8160	0
8161	0
8162	0
8163	0
8164	0
8165	0
8166	0
8167	0
8168	0
8169	0
8170	0
8171	0
8172	0
8173	0
8174	0
8175	0
8176	0
8177	0
8178	0
8179	0
8180	0
8181	0
8182	0
8183	0
8184	0
8185	0
8186	0
8187	0
8188	0
8189	0
8190	0
8191	0

